-37.5 0.0 0.0
-37.5 1.0 0.0
-37.5 2.0 0.0
-37.5 3.0 0.0
-37.5 4.0 0.0
-37.5 5.0 0.0
-37.5 6.0 0.0
-37.5 7.0 0.0
-37.5 8.0 0.0
-37.5 9.000000000000002 0.0
-37.5 10.0 0.0
-37.5 11.0 0.0
-37.5 12.0 0.0
-37.5 13.000000000000002 0.0
-37.5 14.0 0.0
-37.5 15.0 0.0
-37.5 16.0 0.0
-37.5 17.0 0.0
-37.5 18.000000000000004 0.0
-37.5 19.0 0.0
-37.5 20.0 0.0
-37.5 21.0 0.24884184158542053
-37.5 22.0 0.5334669984889902
-37.5 23.0 0.8527679567265362
-37.5 24.0 1.2056372016133576
-37.5 25.0 1.5909672267609567
-37.5 26.000000000000004 2.0076505423898747
-37.5 27.0 2.4545796829758237
-37.5 28.0 2.9306472142462203
-37.529588149738565 29.0 3.4347457395441285
-37.63103432826106 30.0 3.9657679055765955
-37.68381983666059 31.0 4.522606407564252
-37.68308453731201 32.0 5.104153993809068
-37.623019735702194 33.0 5.7093034696970575
-37.5 34.0 6.336947701152778
-37.5 35.0 6.985979617562367
-37.5 36.00000000000001 7.655292214181953
-37.5 37.0 8.343778554048141
-37.5 38.0 9.05033176940746
-37.5 39.0 9.7738450626815
-37.5 40.0 10.513211706984569
-37.5 41.0 10.690410537656025
-37.5 42.0 10.858106585804054
-37.5 43.0 11.01637956876665
-37.5 44.0 11.165312981885315
-37.5 45.0 11.304993870625172
-37.5 46.0 11.435512604152363
-37.5 47.0 11.556962651022884
-37.5 48.0 11.669440357593302
-37.5 49.0 11.773044729719112
-37.5 50.0 11.867877218261192
-37.5 51.00000000000001 11.954041508874974
-37.5 52.00000000000001 12.031643316511728
-37.5 53.0 12.100790185015986
-37.5 54.0 12.161591292158885
-37.5 55.0 12.214157260403807
-37.5 56.0 12.25859997337329
-37.5 57.0 12.295032400220592
-37.5 58.0 12.323568422098587
-37.63753584587701 59.00000000000001 12.344322670885745
-37.775243336549735 60.0 12.357410370196463
-37.908382445591606 61.0 12.362947184804222
-38.03679051012226 62.0 12.361049077501827
-38.16030992678402 63.0 12.351832167691978
-38.278788064850495 64.0 12.335412606690104
-38.392077190439295 65.0 12.311906449843928
-38.50003437989041 66.0 12.28142953978409
-38.60252143073943 67.0 12.244097395629815
-38.69940476976268 68.0 12.200025108655744
-38.79055535892166 69.0 12.14932724399725
-38.87584859908262 70.0 12.092117748606448
-38.9522480721588 71.00000000000001 12.024603245851978
-39.027179163163645 72.00000000000001 11.95702138310976
-39.10065373427253 73.0 11.889390270299673
-39.17268392345273 74.0 11.821727396638439
-39.24328211900289 75.0 11.754049639768683
-39.31246093509697 76.0 11.68637327541324
-39.38023318832472 77.0 11.61871398749777
-39.446611875218274 78.0 11.551086878687435
-39.5116101507518 79.0 11.483506481286117
-39.575241307799516 80.0 11.415986768449311
-39.63751875753517 81.0 11.34854116566454
-39.69845601075474 82.0 11.281182562455731
-39.75806666010255 83.0 11.21392332427059
-39.81636436317999 84.0 11.146775304512502
-39.87336282651466 85.0 11.079749856681035
-39.929075790367335 86.0 11.012857846587382
-39.98351701435318 87.00000000000001 10.946109664613521
-40.03670026385317 88.0 10.879515237986002
-40.08863929719126 89.0 10.813084043037547
-40.13934785355259 90.0 10.746825117431584
-40.1888396416179 91.0 10.680747072326941
-40.23712832888905 92.0 10.614858104461748
-40.284227531680855 93.0 10.549166008137439
-40.330150805754364 94.0 10.483678187085506
-40.37491163756693 95.0 10.418401666201165
-40.418523436114846 96.0 10.353343103129813
-40.46099952534408 97.0 10.288508799693762
-40.50235313710639 98.0 10.223904713147107
-40.5425974046363 99.0 10.159536467249923
-40.581745356527136 100.0 10.095409363151962
-40.61980991118349 101.0 10.031528390078648
-40.65680387172821 102.00000000000001 9.96789823581273
-40.69273992134305 103.00000000000001 9.90452329696597
-40.72763061902196 104.00000000000001 9.841407689036284
-40.76148839571728 105.0 9.778555256246568
-40.79432555085913 106.0 9.71596958116223
-40.82615424922933 107.0 9.65365399408527
-40.856986518171546 108.0 9.591611582223354
-40.88683424511988 109.0 9.529845198633081
-40.91570917542922 110.0 9.468357470937091
-40.94362291049067 111.0 9.407150809815306
-40.97058690611633 112.0 9.346227417271042
-40.99661247117835 113.0 9.285589294673203
-41.02171076648753 114.0 9.22523825057613
-41.04589280389742 115.0 9.16517590831907
-41.069169445620716 116.0 9.105403713407586
-41.0915514037448 117.0 9.045922940679505
-41.11304924030858 118.00000000000001 8.986734700795216
-41.13367336546031 119.00000000000001 8.927839949106655
-41.153434040448495 120.0 8.869239488556198
-41.172341375763494 121.0 8.810933978530768
-41.19040533148617 122.0 8.752923941006559
-41.20763571848426 123.0 8.695209765576712
-41.2240421986847 124.0 8.637791715603306
-41.23963428581669 125.0 8.580669933735873
-41.25442134622739 126.0 8.523844447289102
-41.26841259979583 127.0 8.467315173441198
-41.28161712093786 128.0 8.411081924256937
-41.29404383969454 129.0 8.35514441153969
-41.30570154289738 130.0 8.299502251516522
-41.31659887540384 131.0 8.244154969360627
-41.326744341396946 132.0 8.189102003555226
-41.33614630574326 133.0 8.13434271010316
-41.344812995403686 134.0 8.079876366586285
-41.35275250089199 135.0 8.025702176078783
-41.359972777776 136.0 7.971819270918539
-41.3664816482171 137.0 7.9182267163405164
-41.372286802543464 138.0 7.8649235139761995
-41.37739580085302 139.0 7.811908605222995
-41.38181607464239 140.0 7.759180874487475
-41.38555492845802 141.0 7.706739152306254
-41.38861954156632 142.00000000000003 7.6545822183482795
-41.39101696963934 143.00000000000003 7.602708804302158
-41.39275414645335 144.00000000000003 7.55111759665217
-41.39383788559727 145.0 7.499807239346442
-41.394274882188476 146.0 7.44877633636081
-41.39407171459347 147.0 7.398023454161654
-41.393234846151216 148.0 7.3475471240711006
-41.39177062689698 149.0 7.297345844537735
-41.38968529528468 150.0 7.247418083316012
-41.38698497990602 151.0 7.197762279557427
-41.38367570120458 152.0 7.148376845816418
-41.379763373183415 153.0 7.099260169973921
-41.375253805104556 154.0 7.050410617081413
-41.37015270317926 155.0 7.001826531128168
-41.36446567224763 156.0 6.953506236734465
-41.358198217446535 157.0 6.905448040773264
-41.35135574586472 158.0 6.857650233922985
-41.3439435681843 159.0 6.810111092153718
-41.33596690030757 160.0 6.762828878149382
-41.327430864968534 161.0 6.715801842668026
-41.3183404933283 162.0 6.669028225842574
-41.30870072655375 163.0 6.622506258424189
-41.298516417378956 164.0 6.576234162970333
-41.28779233164868 165.0 6.530210154979562
-41.27653314984369 166.0 6.484432443975063
-41.26474346858731 167.0 6.43889923453881
-41.25242780213303 168.0 6.393608727298195
-41.239590583832644 169.0 6.3485591198669304
-41.2262361675849 170.0 6.303748607741954
-41.21236882926427 171.0 6.259175385157995
-41.19799276812976 172.0 6.214837645901434
-41.18311210821346 173.00000000000003 6.170733584084993
-41.167730899689076 174.00000000000003 6.126861394884817
-41.15185312021985 175.00000000000003 6.0832192752413325
-41.13548267628638 176.0 6.039805424525352
-41.1186234044938 177.0 5.996618045170756
-41.10127907285878 178.0 5.953655343275066
-41.08345338207599 179.0 5.910915529169172
-41.06514996676443 180.0 5.868396817957459
-41.04637239669336 181.0 5.826097430029468
-41.027124177988235 182.0 5.784015591544271
-41.00740875431649 183.0 5.742149534888631
-40.98722950805345 184.0 5.7004974991100115
-40.966589761428516 185.0 5.6590577303254515
-40.94549277765163 186.0 5.61782848210729
-40.923941762020384 187.0 5.576808015846691
-40.901939863007755 188.0 5.535994601095857
-40.87949017333079 189.0 5.495386515889845
-40.856595731000354 190.0 5.4549820470488095
-40.83325952035225 191.0 5.414779490461478
-40.809484473059705 192.0 5.374777151350664
-40.785273469127674 193.0 5.334973344521574
-40.760629337869084 194.0 5.295366394593593
-40.73555485886319 195.0 5.255954636216324
-40.71005276289638 196.0 5.216736414270476
-40.68412573288556 197.0 5.1777100840543
-40.65777640478446 198.0 5.138874011456175
-40.631007368473 199.0 5.100226573113963
-40.603821168630056 200.0 5.0617661565616645
-40.576220305589786 201.0 5.023491160363999
-40.548207236181796 202.0 4.98539999423938
-40.519784374555414 203.0 4.947491079171827
-40.49095409298829 204.00000000000003 4.9097628475123205
-40.46171872267958 205.00000000000003 4.872213743070035
-40.43208055452796 206.00000000000003 4.834842221193949
-40.40204183989469 207.00000000000003 4.797646748845233
-40.371604791352055 208.00000000000003 4.760625804660871
-40.34077158341733 209.0 4.7237778790088845
-40.30954435327253 210.0 4.687101474035578
-40.27792520147031 211.0 4.6505951037051645
-40.24591619262606 212.0 4.614257293832129
-40.21351935609659 213.0 4.578086582106678
-40.18073668664555 214.0 4.54208151811361
-40.147570145095905 215.0 4.506240663344907
-40.11402165896959 216.0 4.470562591206385
-40.08009312311468 217.0 4.435045887018652
-40.045786400320246 218.0 4.3996891480127
-40.01110332191913 219.0 4.364490983320361
-39.97604568837886 220.0 4.32945001395991
-39.94061526988097 221.0 4.2945648728170625
-39.904813806888846 222.0 4.259834204621593
-39.868643010704425 223.0 4.225256665919797
-39.83210456401389 224.0 4.1908309250430555
-39.79520012142257 225.0 4.15655566207265
-39.757931309979305 226.0 4.122429568801089
-39.72029972969039 227.0 4.088451348690102
-39.6823069540234 228.0 4.054619716825492
-39.64395453040103 229.0 4.020933399869041
-39.60524398068513 230.0 3.987391136007618
-39.566176801651174 231.0 3.953991674899661
-39.52675446545338 232.0 3.9207337776191946
-39.48697842008049 233.0 3.8876162165975208
-39.44685008980267 234.0 3.8546377755627295
-39.40637087560944 235.00000000000003 3.8217972494771857
-39.365542155639 236.00000000000003 3.7890934444730715
-39.32436528559898 237.00000000000003 3.756525177786189
-39.28284159917897 238.00000000000003 3.7240912776880637
-39.24097240845475 239.00000000000003 3.6917905834165157
-39.19875900428462 240.0 3.659621945104785
-39.156202656697815 241.0 3.6275842237093268
-39.1133046152753 242.0 3.595676290936373
-39.07006610952297 243.0 3.563897029167353
-39.02648834923754 244.0 3.5322453313832716
-38.982572524865155 245.0 3.5007201010881297
-38.938319807852956 246.0 3.469320252231468
-38.893731350993654 247.0 3.4380447091301187
-38.84880828876337 248.0 3.406892406389243
-38.803551737652796 249.0 3.3758622888227148
-38.75796279649184 250.0 3.3449533113729397
-38.712042546767826 251.0 3.3141644390301614
-38.66579205293754 252.0 3.283494646751319
-38.61921236273304 253.0 3.2529429193785284
-38.572304507461546 254.0 3.2225082515572234
-38.525069502299395 255.0 3.1921896476540432
-38.47750834658026 256.0 3.1619861216744782
-38.429622024077695 257.0 3.1318966971803617
-38.3814115032822 258.0 3.101920407207235
-38.33287773767287 259.0 3.0720562941816207
-38.28402166598364 260.0 3.0423034098382837
-38.2348442124645 261.0 3.0126608151374796
-38.18534628713752 262.0 2.9831275801822503
-38.135528786047864 263.0 2.95370278413581
-38.085392591510015 264.0 2.9243855151390252
-38.03493857234919 265.0 2.8951748702280695
-37.98416758413802 266.0 2.866069955252236
-37.933080469428724 267.0 2.8370698847919713
-37.88167805798071 268.0 2.808173782077136
-37.829961166983864 269.0 2.779380778905543
-37.77793060127749 270.0 2.7506900155617657
-37.72558715356497 271.0 2.7221006407362776
-37.672931604624424 272.0 2.693611811444911
-37.61996472351522 273.0 2.66522269294868
-37.5666872677805 274.0 2.6369324586739737
-37.513099983645965 275.0 2.608740290133148
-37.45920360621466 276.0 2.58064537684552
-37.40499885965821 277.0 2.552646916258802
-37.35048645740428 278.0 2.5247441136709705
-37.295667102320536 279.0 2.4969361821525915
-37.240541486895076 280.0 2.4692223424696245
-37.18511029341341 281.0 2.4416018230067005
-37.12937419413212 282.0 2.4140738596909026
-37.07333385144922 283.00000000000006 2.3866376959160482
-37.016989918071275 284.00000000000006 2.35929258246749
-36.96034303717733 285.00000000000006 2.3320377774474395
-36.903393842579874 286.00000000000006 2.3048725462008255
-36.84614295888258 287.00000000000006 2.277796161241696
-36.78859100163526 288.00000000000006 2.2508079021801697
-36.73073857748579 289.0 2.223907055649936
-36.67258628432921 290.0 2.1970929152363246
-36.614134711454106 291.0 2.170364781404943
-36.55538443968612 292.0 2.1437219614308782
-36.496336041528934 293.0 2.1171637693284784
-36.43699008130249 294.0 2.090689525781722
-36.377347115278724 295.0 2.064298558075154
-36.31740769181476 296.0 2.0379902000254275
-36.257172351483625 297.0 2.0117637919134186
-36.19664162720253 298.0 1.9856186804169447
-36.135816044358826 299.0 1.9595542185440658
-36.07469612093356 300.0 1.9335697655669861
-36.01328236762286 301.0 1.907664686956548
-35.951575287956985 302.0 1.8818383543173225
-35.889575378417256 303.0 1.8560901453232959
-35.827283128550796 304.0 1.8304194436541545
-35.764699021083246 305.0 1.804825638932158
-35.701823532029294 306.0 1.7793081266596165
-35.63865713080135 307.0 1.7538663081569585
-35.575200280316075 308.0 1.728499590501389
-35.51145343709916 309.0 1.7032073864661477
-35.44741705138799 310.0 1.677989114460348
-35.383091567232626 311.0 1.652844198469412
-35.3184774225949 312.0 1.6277720679960896
-35.2535750494457 313.0 1.6027721580020606
-35.18838487386051 314.0 1.577843908850125
-35.12290731611326 315.0 1.5529867662469667
-35.057142790768474 316.0 1.528200181186498
-34.991091706771755 317.0 1.5034836098937767
-34.92475446753866 318.0 1.4788365137695
-34.858131471042036 319.0 1.4542583593350598
-34.791223109897686 320.0 1.4297486181781676
-34.7445175209955 321.0 1.4114012515818612
-34.60190407390607 322.0 1.364726673939376
-34.36331137980795 323.0 1.2899665898149733
-34.028669302653775 324.0 1.1873599495751117
-33.59790892220692 325.0 1.057143030766527
-33.070962493476806 326.0 0.899549533742572
-32.44776340299098 327.0 0.7148106903053979
-31.728246122379304 328.0 0.5031553840302052
-30.91234615780199 329.0 0.2648102874602827
-30.096059018956016 330.0 0.0277968501310397
30.096059018956016 330.0 -0.0277968501310397
30.91234615780199 329.0 -0.2648102874602827
31.728246122379304 328.0 -0.5031553840302052
32.44776340299098 327.0 -0.7148106903053979
33.070962493476806 326.0 -0.899549533742572
33.59790892220692 325.0 -1.057143030766527
34.028669302653775 324.0 -1.1873599495751117
34.36331137980795 323.0 -1.2899665898149733
34.60190407390607 322.0 -1.364726673939376
34.7445175209955 321.0 -1.4114012515818612
34.791223109897686 320.0 -1.4297486181781676
34.858131471042036 319.0 -1.4542583593350598
34.92475446753866 318.0 -1.4788365137695
34.991091706771755 317.0 -1.5034836098937767
35.057142790768474 316.0 -1.528200181186498
35.12290731611326 315.0 -1.5529867662469667
35.18838487386051 314.0 -1.577843908850125
35.2535750494457 313.0 -1.6027721580020606
35.3184774225949 312.0 -1.6277720679960896
35.383091567232626 311.0 -1.652844198469412
35.44741705138799 310.0 -1.677989114460348
35.51145343709916 309.0 -1.7032073864661477
35.575200280316075 308.0 -1.728499590501389
35.63865713080135 307.0 -1.7538663081569585
35.701823532029294 306.0 -1.7793081266596165
35.764699021083246 305.0 -1.804825638932158
35.827283128550796 304.0 -1.8304194436541545
35.889575378417256 303.0 -1.8560901453232959
35.951575287956985 302.0 -1.8818383543173225
36.01328236762286 301.0 -1.907664686956548
36.07469612093356 300.0 -1.9335697655669861
36.135816044358826 299.0 -1.9595542185440658
36.19664162720253 298.0 -1.9856186804169447
36.257172351483625 297.0 -2.0117637919134186
36.31740769181476 296.0 -2.0379902000254275
36.377347115278724 295.0 -2.064298558075154
36.43699008130249 294.0 -2.090689525781722
36.496336041528934 293.0 -2.1171637693284784
36.55538443968612 292.0 -2.1437219614308782
36.614134711454106 291.0 -2.170364781404943
36.67258628432921 290.0 -2.1970929152363246
36.73073857748579 289.0 -2.223907055649936
36.78859100163526 288.00000000000006 -2.2508079021801697
36.84614295888258 287.00000000000006 -2.277796161241696
36.903393842579874 286.00000000000006 -2.3048725462008255
36.96034303717733 285.00000000000006 -2.3320377774474395
37.016989918071275 284.00000000000006 -2.35929258246749
37.07333385144922 283.00000000000006 -2.3866376959160482
37.12937419413212 282.0 -2.4140738596909026
37.18511029341341 281.0 -2.4416018230067005
37.240541486895076 280.0 -2.4692223424696245
37.295667102320536 279.0 -2.4969361821525915
37.35048645740428 278.0 -2.5247441136709705
37.40499885965821 277.0 -2.552646916258802
37.45920360621466 276.0 -2.58064537684552
37.513099983645965 275.0 -2.608740290133148
37.5666872677805 274.0 -2.6369324586739737
37.61996472351522 273.0 -2.66522269294868
37.672931604624424 272.0 -2.693611811444911
37.72558715356497 271.0 -2.7221006407362776
37.77793060127749 270.0 -2.7506900155617657
37.829961166983864 269.0 -2.779380778905543
37.88167805798071 268.0 -2.808173782077136
37.933080469428724 267.0 -2.8370698847919713
37.98416758413802 266.0 -2.866069955252236
38.03493857234919 265.0 -2.8951748702280695
38.085392591510015 264.0 -2.9243855151390252
38.135528786047864 263.0 -2.95370278413581
38.18534628713752 262.0 -2.9831275801822503
38.2348442124645 261.0 -3.0126608151374796
38.28402166598364 260.0 -3.0423034098382837
38.33287773767287 259.0 -3.0720562941816207
38.3814115032822 258.0 -3.101920407207235
38.429622024077695 257.0 -3.1318966971803617
38.47750834658026 256.0 -3.1619861216744782
38.525069502299395 255.0 -3.1921896476540432
38.572304507461546 254.0 -3.2225082515572234
38.61921236273304 253.0 -3.2529429193785284
38.66579205293754 252.0 -3.283494646751319
38.712042546767826 251.0 -3.3141644390301614
38.75796279649184 250.0 -3.3449533113729397
38.803551737652796 249.0 -3.3758622888227148
38.84880828876337 248.0 -3.406892406389243
38.893731350993654 247.0 -3.4380447091301187
38.938319807852956 246.0 -3.469320252231468
38.982572524865155 245.0 -3.5007201010881297
39.02648834923754 244.0 -3.5322453313832716
39.07006610952297 243.0 -3.563897029167353
39.1133046152753 242.0 -3.595676290936373
39.156202656697815 241.0 -3.6275842237093268
39.19875900428462 240.0 -3.659621945104785
39.24097240845475 239.00000000000003 -3.6917905834165157
39.28284159917897 238.00000000000003 -3.7240912776880637
39.32436528559898 237.00000000000003 -3.756525177786189
39.365542155639 236.00000000000003 -3.7890934444730715
39.40637087560944 235.00000000000003 -3.8217972494771857
39.44685008980267 234.0 -3.8546377755627295
39.48697842008049 233.0 -3.8876162165975208
39.52675446545338 232.0 -3.9207337776191946
39.566176801651174 231.0 -3.953991674899661
39.60524398068513 230.0 -3.987391136007618
39.64395453040103 229.0 -4.020933399869041
39.6823069540234 228.0 -4.054619716825492
39.72029972969039 227.0 -4.088451348690102
39.757931309979305 226.0 -4.122429568801089
39.79520012142257 225.0 -4.15655566207265
39.83210456401389 224.0 -4.1908309250430555
39.868643010704425 223.0 -4.225256665919797
39.904813806888846 222.0 -4.259834204621593
39.94061526988097 221.0 -4.2945648728170625
39.97604568837886 220.0 -4.32945001395991
40.01110332191913 219.0 -4.364490983320361
40.045786400320246 218.0 -4.3996891480127
40.08009312311468 217.0 -4.435045887018652
40.11402165896959 216.0 -4.470562591206385
40.147570145095905 215.0 -4.506240663344907
40.18073668664555 214.0 -4.54208151811361
40.21351935609659 213.0 -4.578086582106678
40.24591619262606 212.0 -4.614257293832129
40.27792520147031 211.0 -4.6505951037051645
40.30954435327253 210.0 -4.687101474035578
40.34077158341733 209.0 -4.7237778790088845
40.371604791352055 208.00000000000003 -4.760625804660871
40.40204183989469 207.00000000000003 -4.797646748845233
40.43208055452796 206.00000000000003 -4.834842221193949
40.46171872267958 205.00000000000003 -4.872213743070035
40.49095409298829 204.00000000000003 -4.9097628475123205
40.519784374555414 203.0 -4.947491079171827
40.548207236181796 202.0 -4.98539999423938
40.576220305589786 201.0 -5.023491160363999
40.603821168630056 200.0 -5.0617661565616645
40.631007368473 199.0 -5.100226573113963
40.65777640478446 198.0 -5.138874011456175
40.68412573288556 197.0 -5.1777100840543
40.71005276289638 196.0 -5.216736414270476
40.73555485886319 195.0 -5.255954636216324
40.760629337869084 194.0 -5.295366394593593
40.785273469127674 193.0 -5.334973344521574
40.809484473059705 192.0 -5.374777151350664
40.83325952035225 191.0 -5.414779490461478
40.856595731000354 190.0 -5.4549820470488095
40.87949017333079 189.0 -5.495386515889845
40.901939863007755 188.0 -5.535994601095857
40.923941762020384 187.0 -5.576808015846691
40.94549277765163 186.0 -5.61782848210729
40.966589761428516 185.0 -5.6590577303254515
40.98722950805345 184.0 -5.7004974991100115
41.00740875431649 183.0 -5.742149534888631
41.027124177988235 182.0 -5.784015591544271
41.04637239669336 181.0 -5.826097430029468
41.06514996676443 180.0 -5.868396817957459
41.08345338207599 179.0 -5.910915529169172
41.10127907285878 178.0 -5.953655343275066
41.1186234044938 177.0 -5.996618045170756
41.13548267628638 176.0 -6.039805424525352
41.15185312021985 175.00000000000003 -6.0832192752413325
41.167730899689076 174.00000000000003 -6.126861394884817
41.18311210821346 173.00000000000003 -6.170733584084993
41.19799276812976 172.0 -6.214837645901434
41.21236882926427 171.0 -6.259175385157995
41.2262361675849 170.0 -6.303748607741954
41.239590583832644 169.0 -6.3485591198669304
41.25242780213303 168.0 -6.393608727298195
41.26474346858731 167.0 -6.43889923453881
41.27653314984369 166.0 -6.484432443975063
41.28779233164868 165.0 -6.530210154979562
41.298516417378956 164.0 -6.576234162970333
41.30870072655375 163.0 -6.622506258424189
41.3183404933283 162.0 -6.669028225842574
41.327430864968534 161.0 -6.715801842668026
41.33596690030757 160.0 -6.762828878149382
41.3439435681843 159.0 -6.810111092153718
41.35135574586472 158.0 -6.857650233922985
41.358198217446535 157.0 -6.905448040773264
41.36446567224763 156.0 -6.953506236734465
41.37015270317926 155.0 -7.001826531128168
41.375253805104556 154.0 -7.050410617081413
41.379763373183415 153.0 -7.099260169973921
41.38367570120458 152.0 -7.148376845816418
41.38698497990602 151.0 -7.197762279557427
41.38968529528468 150.0 -7.247418083316012
41.39177062689698 149.0 -7.297345844537735
41.393234846151216 148.0 -7.3475471240711006
41.39407171459347 147.0 -7.398023454161654
41.394274882188476 146.0 -7.44877633636081
41.39383788559727 145.0 -7.499807239346442
41.39275414645335 144.00000000000003 -7.55111759665217
41.39101696963934 143.00000000000003 -7.602708804302158
41.38861954156632 142.00000000000003 -7.6545822183482795
41.38555492845802 141.0 -7.706739152306254
41.38181607464239 140.0 -7.759180874487475
41.37739580085302 139.0 -7.811908605222995
41.372286802543464 138.0 -7.8649235139761995
41.3664816482171 137.0 -7.9182267163405164
41.359972777776 136.0 -7.971819270918539
41.35275250089199 135.0 -8.025702176078783
41.344812995403686 134.0 -8.079876366586285
41.33614630574326 133.0 -8.13434271010316
41.326744341396946 132.0 -8.189102003555226
41.31659887540384 131.0 -8.244154969360627
41.30570154289738 130.0 -8.299502251516522
41.29404383969454 129.0 -8.35514441153969
41.28161712093786 128.0 -8.411081924256937
41.26841259979583 127.0 -8.467315173441198
41.25442134622739 126.0 -8.523844447289102
41.23963428581669 125.0 -8.580669933735873
41.2240421986847 124.0 -8.637791715603306
41.20763571848426 123.0 -8.695209765576712
41.19040533148617 122.0 -8.752923941006559
41.172341375763494 121.0 -8.810933978530768
41.153434040448495 120.0 -8.869239488556198
41.13367336546031 119.00000000000001 -8.927839949106655
41.11304924030858 118.00000000000001 -8.986734700795216
41.0915514037448 117.0 -9.045922940679505
41.069169445620716 116.0 -9.105403713407586
41.04589280389742 115.0 -9.16517590831907
41.02171076648753 114.0 -9.22523825057613
40.99661247117835 113.0 -9.285589294673203
40.97058690611633 112.0 -9.346227417271042
40.94362291049067 111.0 -9.407150809815306
40.91570917542922 110.0 -9.468357470937091
40.88683424511988 109.0 -9.529845198633081
40.856986518171546 108.0 -9.591611582223354
40.82615424922933 107.0 -9.65365399408527
40.79432555085913 106.0 -9.71596958116223
40.76148839571728 105.0 -9.778555256246568
40.72763061902196 104.00000000000001 -9.841407689036284
40.69273992134305 103.00000000000001 -9.90452329696597
40.65680387172821 102.00000000000001 -9.96789823581273
40.61980991118349 101.0 -10.031528390078648
40.581745356527136 100.0 -10.095409363151962
40.5425974046363 99.0 -10.159536467249923
40.50235313710639 98.0 -10.223904713147107
40.46099952534408 97.0 -10.288508799693762
40.418523436114846 96.0 -10.353343103129813
40.37491163756693 95.0 -10.418401666201165
40.330150805754364 94.0 -10.483678187085506
40.284227531680855 93.0 -10.549166008137439
40.23712832888905 92.0 -10.614858104461748
40.1888396416179 91.0 -10.680747072326941
40.13934785355259 90.0 -10.746825117431584
40.08863929719126 89.0 -10.813084043037547
40.03670026385317 88.0 -10.879515237986002
39.98351701435318 87.00000000000001 -10.946109664613521
39.929075790367335 86.0 -11.012857846587382
39.87336282651466 85.0 -11.079749856681035
39.81636436317999 84.0 -11.146775304512502
39.75806666010255 83.0 -11.21392332427059
39.69845601075474 82.0 -11.281182562455731
39.63751875753517 81.0 -11.34854116566454
39.575241307799516 80.0 -11.415986768449311
39.5116101507518 79.0 -11.483506481286117
39.446611875218274 78.0 -11.551086878687435
39.38023318832472 77.0 -11.61871398749777
39.31246093509697 76.0 -11.68637327541324
39.24328211900289 75.0 -11.754049639768683
39.17268392345273 74.0 -11.821727396638439
39.10065373427253 73.0 -11.889390270299673
39.027179163163645 72.00000000000001 -11.95702138310976
38.9522480721588 71.00000000000001 -12.024603245851978
38.87584859908262 70.0 -12.092117748606448
38.79055535892166 69.0 -12.14932724399725
38.69940476976268 68.0 -12.200025108655744
38.60252143073943 67.0 -12.244097395629815
38.50003437989041 66.0 -12.28142953978409
38.392077190439295 65.0 -12.311906449843928
38.278788064850495 64.0 -12.335412606690104
38.16030992678402 63.0 -12.351832167691978
38.03679051012226 62.0 -12.361049077501827
37.908382445591606 61.0 -12.362947184804222
37.775243336549735 60.0 -12.357410370196463
37.63753584587701 59.00000000000001 -12.344322670885745
37.5 58.0 -12.323568422098587
37.5 57.0 -12.295032400220592
37.5 56.0 -12.25859997337329
37.5 55.0 -12.214157260403807
37.5 54.0 -12.161591292158885
37.5 53.0 -12.100790185015986
37.5 52.00000000000001 -12.031643316511728
37.5 51.00000000000001 -11.954041508874974
37.5 50.0 -11.867877218261192
37.5 49.0 -11.773044729719112
37.5 48.0 -11.669440357593302
37.5 47.0 -11.556962651022884
37.5 46.0 -11.435512604152363
37.5 45.0 -11.304993870625172
37.5 44.0 -11.165312981885315
37.5 43.0 -11.01637956876665
37.5 42.0 -10.858106585804054
37.5 41.0 -10.690410537656025
37.5 40.0 -10.513211706984569
37.5 39.0 -9.7738450626815
37.5 38.0 -9.05033176940746
37.5 37.0 -8.343778554048141
37.5 36.00000000000001 -7.655292214181953
37.5 35.0 -6.985979617562367
37.5 34.0 -6.336947701152778
37.623019735702194 33.0 -5.7093034696970575
37.68308453731201 32.0 -5.104153993809068
37.68381983666059 31.0 -4.522606407564252
37.63103432826106 30.0 -3.9657679055765955
37.529588149738565 29.0 -3.4347457395441285
37.5 28.0 -2.9306472142462203
37.5 27.0 -2.4545796829758237
37.5 26.000000000000004 -2.0076505423898747
37.5 25.0 -1.5909672267609567
37.5 24.0 -1.2056372016133576
37.5 23.0 -0.8527679567265362
37.5 22.0 -0.5334669984889902
37.5 21.0 -0.24884184158542053
37.5 20.0 0.0
37.5 19.0 0.0
37.5 18.000000000000004 0.0
37.5 17.0 0.0
37.5 16.0 0.0
37.5 15.0 0.0
37.5 14.0 0.0
37.5 13.000000000000002 0.0
37.5 12.0 0.0
37.5 11.0 0.0
37.5 10.0 0.0
37.5 9.000000000000002 0.0
37.5 8.0 0.0
37.5 7.0 0.0
37.5 6.0 0.0
37.5 5.0 0.0
37.5 4.0 0.0
37.5 3.0 0.0
37.5 2.0 0.0
37.5 1.0 0.0
37.5 0.0 0.0
37.5 -0.0 0.0
37.5 -1.0 0.0
37.5 -2.0 0.0
37.5 -3.0 0.0
37.5 -4.0 0.0
37.5 -5.0 0.0
37.5 -6.0 0.0
37.5 -7.0 0.0
37.5 -8.0 0.0
37.5 -9.000000000000002 0.0
37.5 -10.0 0.0
37.5 -11.0 0.0
37.5 -12.0 0.0
37.5 -13.000000000000002 0.0
37.5 -14.0 0.0
37.5 -15.0 0.0
37.5 -16.0 0.0
37.5 -17.0 0.0
37.5 -18.000000000000004 0.0
37.5 -19.0 0.0
37.5 -20.0 0.0
37.5 -21.0 0.24884184158542053
37.5 -22.0 0.5334669984889902
37.5 -23.0 0.8527679567265362
37.5 -24.0 1.2056372016133576
37.5 -25.0 1.5909672267609567
37.5 -26.000000000000004 2.0076505423898747
37.5 -27.0 2.4545796829758237
37.5 -28.0 2.9306472142462203
37.529588149738565 -29.0 3.4347457395441285
37.63103432826106 -30.0 3.9657679055765955
37.68381983666059 -31.0 4.522606407564252
37.68308453731201 -32.0 5.104153993809068
37.623019735702194 -33.0 5.7093034696970575
37.5 -34.0 6.336947701152778
37.5 -35.0 6.985979617562367
37.5 -36.00000000000001 7.655292214181953
37.5 -37.0 8.343778554048141
37.5 -38.0 9.05033176940746
37.5 -39.0 9.7738450626815
37.5 -40.0 10.513211706984569
37.5 -41.0 10.690410537656025
37.5 -42.0 10.858106585804054
37.5 -43.0 11.01637956876665
37.5 -44.0 11.165312981885315
37.5 -45.0 11.304993870625172
37.5 -46.0 11.435512604152363
37.5 -47.0 11.556962651022884
37.5 -48.0 11.669440357593302
37.5 -49.0 11.773044729719112
37.5 -50.0 11.867877218261192
37.5 -51.00000000000001 11.954041508874974
37.5 -52.00000000000001 12.031643316511728
37.5 -53.0 12.100790185015986
37.5 -54.0 12.161591292158885
37.5 -55.0 12.214157260403807
37.5 -56.0 12.25859997337329
37.5 -57.0 12.295032400220592
37.5 -58.0 12.323568422098587
37.63753584587701 -59.00000000000001 12.344322670885745
37.775243336549735 -60.0 12.357410370196463
37.908382445591606 -61.0 12.362947184804222
38.03679051012226 -62.0 12.361049077501827
38.16030992678402 -63.0 12.351832167691978
38.278788064850495 -64.0 12.335412606690104
38.392077190439295 -65.0 12.311906449843928
38.50003437989041 -66.0 12.28142953978409
38.60252143073943 -67.0 12.244097395629815
38.69940476976268 -68.0 12.200025108655744
38.79055535892166 -69.0 12.14932724399725
38.87584859908262 -70.0 12.092117748606448
38.9522480721588 -71.00000000000001 12.024603245851978
39.027179163163645 -72.00000000000001 11.95702138310976
39.10065373427253 -73.0 11.889390270299673
39.17268392345273 -74.0 11.821727396638439
39.24328211900289 -75.0 11.754049639768683
39.31246093509697 -76.0 11.68637327541324
39.38023318832472 -77.0 11.61871398749777
39.446611875218274 -78.0 11.551086878687435
39.5116101507518 -79.0 11.483506481286117
39.575241307799516 -80.0 11.415986768449311
39.63751875753517 -81.0 11.34854116566454
39.69845601075474 -82.0 11.281182562455731
39.75806666010255 -83.0 11.21392332427059
39.81636436317999 -84.0 11.146775304512502
39.87336282651466 -85.0 11.079749856681035
39.929075790367335 -86.0 11.012857846587382
39.98351701435318 -87.00000000000001 10.946109664613521
40.03670026385317 -88.0 10.879515237986002
40.08863929719126 -89.0 10.813084043037547
40.13934785355259 -90.0 10.746825117431584
40.1888396416179 -91.0 10.680747072326941
40.23712832888905 -92.0 10.614858104461748
40.284227531680855 -93.0 10.549166008137439
40.330150805754364 -94.0 10.483678187085506
40.37491163756693 -95.0 10.418401666201165
40.418523436114846 -96.0 10.353343103129813
40.46099952534408 -97.0 10.288508799693762
40.50235313710639 -98.0 10.223904713147107
40.5425974046363 -99.0 10.159536467249923
40.581745356527136 -100.0 10.095409363151962
40.61980991118349 -101.0 10.031528390078648
40.65680387172821 -102.00000000000001 9.96789823581273
40.69273992134305 -103.00000000000001 9.90452329696597
40.72763061902196 -104.00000000000001 9.841407689036284
40.76148839571728 -105.0 9.778555256246568
40.79432555085913 -106.0 9.71596958116223
40.82615424922933 -107.0 9.65365399408527
40.856986518171546 -108.0 9.591611582223354
40.88683424511988 -109.0 9.529845198633081
40.91570917542922 -110.0 9.468357470937091
40.94362291049067 -111.0 9.407150809815306
40.97058690611633 -112.0 9.346227417271042
40.99661247117835 -113.0 9.285589294673203
41.02171076648753 -114.0 9.22523825057613
41.04589280389742 -115.0 9.16517590831907
41.069169445620716 -116.0 9.105403713407586
41.0915514037448 -117.0 9.045922940679505
41.11304924030858 -118.00000000000001 8.986734700795216
41.13367336546031 -119.00000000000001 8.927839949106655
41.153434040448495 -120.0 8.869239488556198
41.172341375763494 -121.0 8.810933978530768
41.19040533148617 -122.0 8.752923941006559
41.20763571848426 -123.0 8.695209765576712
41.2240421986847 -124.0 8.637791715603306
41.23963428581669 -125.0 8.580669933735873
41.25442134622739 -126.0 8.523844447289102
41.26841259979583 -127.0 8.467315173441198
41.28161712093786 -128.0 8.411081924256937
41.29404383969454 -129.0 8.35514441153969
41.30570154289738 -130.0 8.299502251516522
41.31659887540384 -131.0 8.244154969360627
41.326744341396946 -132.0 8.189102003555226
41.33614630574326 -133.0 8.13434271010316
41.344812995403686 -134.0 8.079876366586285
41.35275250089199 -135.0 8.025702176078783
41.359972777776 -136.0 7.971819270918539
41.3664816482171 -137.0 7.9182267163405164
41.372286802543464 -138.0 7.8649235139761995
41.37739580085302 -139.0 7.811908605222995
41.38181607464239 -140.0 7.759180874487475
41.38555492845802 -141.0 7.706739152306254
41.38861954156632 -142.00000000000003 7.6545822183482795
41.39101696963934 -143.00000000000003 7.602708804302158
41.39275414645335 -144.00000000000003 7.55111759665217
41.39383788559727 -145.0 7.499807239346442
41.394274882188476 -146.0 7.44877633636081
41.39407171459347 -147.0 7.398023454161654
41.393234846151216 -148.0 7.3475471240711006
41.39177062689698 -149.0 7.297345844537735
41.38968529528468 -150.0 7.247418083316012
41.38698497990602 -151.0 7.197762279557427
41.38367570120458 -152.0 7.148376845816418
41.379763373183415 -153.0 7.099260169973921
41.375253805104556 -154.0 7.050410617081413
41.37015270317926 -155.0 7.001826531128168
41.36446567224763 -156.0 6.953506236734465
41.358198217446535 -157.0 6.905448040773264
41.35135574586472 -158.0 6.857650233922985
41.3439435681843 -159.0 6.810111092153718
41.33596690030757 -160.0 6.762828878149382
41.327430864968534 -161.0 6.715801842668026
41.3183404933283 -162.0 6.669028225842574
41.30870072655375 -163.0 6.622506258424189
41.298516417378956 -164.0 6.576234162970333
41.28779233164868 -165.0 6.530210154979562
41.27653314984369 -166.0 6.484432443975063
41.26474346858731 -167.0 6.43889923453881
41.25242780213303 -168.0 6.393608727298195
41.239590583832644 -169.0 6.3485591198669304
41.2262361675849 -170.0 6.303748607741954
41.21236882926427 -171.0 6.259175385157995
41.19799276812976 -172.0 6.214837645901434
41.18311210821346 -173.00000000000003 6.170733584084993
41.167730899689076 -174.00000000000003 6.126861394884817
41.15185312021985 -175.00000000000003 6.0832192752413325
41.13548267628638 -176.0 6.039805424525352
41.1186234044938 -177.0 5.996618045170756
41.10127907285878 -178.0 5.953655343275066
41.08345338207599 -179.0 5.910915529169172
41.06514996676443 -180.0 5.868396817957459
41.04637239669336 -181.0 5.826097430029468
41.027124177988235 -182.0 5.784015591544271
41.00740875431649 -183.0 5.742149534888631
40.98722950805345 -184.0 5.7004974991100115
40.966589761428516 -185.0 5.6590577303254515
40.94549277765163 -186.0 5.61782848210729
40.923941762020384 -187.0 5.576808015846691
40.901939863007755 -188.0 5.535994601095857
40.87949017333079 -189.0 5.495386515889845
40.856595731000354 -190.0 5.4549820470488095
40.83325952035225 -191.0 5.414779490461478
40.809484473059705 -192.0 5.374777151350664
40.785273469127674 -193.0 5.334973344521574
40.760629337869084 -194.0 5.295366394593593
40.73555485886319 -195.0 5.255954636216324
40.71005276289638 -196.0 5.216736414270476
40.68412573288556 -197.0 5.1777100840543
40.65777640478446 -198.0 5.138874011456175
40.631007368473 -199.0 5.100226573113963
40.603821168630056 -200.0 5.0617661565616645
40.576220305589786 -201.0 5.023491160363999
40.548207236181796 -202.0 4.98539999423938
40.519784374555414 -203.0 4.947491079171827
40.49095409298829 -204.00000000000003 4.9097628475123205
40.46171872267958 -205.00000000000003 4.872213743070035
40.43208055452796 -206.00000000000003 4.834842221193949
40.40204183989469 -207.00000000000003 4.797646748845233
40.371604791352055 -208.00000000000003 4.760625804660871
40.34077158341733 -209.0 4.7237778790088845
40.30954435327253 -210.0 4.687101474035578
40.27792520147031 -211.0 4.6505951037051645
40.24591619262606 -212.0 4.614257293832129
40.21351935609659 -213.0 4.578086582106678
40.18073668664555 -214.0 4.54208151811361
40.147570145095905 -215.0 4.506240663344907
40.11402165896959 -216.0 4.470562591206385
40.08009312311468 -217.0 4.435045887018652
40.045786400320246 -218.0 4.3996891480127
40.01110332191913 -219.0 4.364490983320361
39.97604568837886 -220.0 4.32945001395991
39.94061526988097 -221.0 4.2945648728170625
39.904813806888846 -222.0 4.259834204621593
39.868643010704425 -223.0 4.225256665919797
39.83210456401389 -224.0 4.1908309250430555
39.79520012142257 -225.0 4.15655566207265
39.757931309979305 -226.0 4.122429568801089
39.72029972969039 -227.0 4.088451348690102
39.6823069540234 -228.0 4.054619716825492
39.64395453040103 -229.0 4.020933399869041
39.60524398068513 -230.0 3.987391136007618
39.566176801651174 -231.0 3.953991674899661
39.52675446545338 -232.0 3.9207337776191946
39.48697842008049 -233.0 3.8876162165975208
39.44685008980267 -234.0 3.8546377755627295
39.40637087560944 -235.00000000000003 3.8217972494771857
39.365542155639 -236.00000000000003 3.7890934444730715
39.32436528559898 -237.00000000000003 3.756525177786189
39.28284159917897 -238.00000000000003 3.7240912776880637
39.24097240845475 -239.00000000000003 3.6917905834165157
39.19875900428462 -240.0 3.659621945104785
39.156202656697815 -241.0 3.6275842237093268
39.1133046152753 -242.0 3.595676290936373
39.07006610952297 -243.0 3.563897029167353
39.02648834923754 -244.0 3.5322453313832716
38.982572524865155 -245.0 3.5007201010881297
38.938319807852956 -246.0 3.469320252231468
38.893731350993654 -247.0 3.4380447091301187
38.84880828876337 -248.0 3.406892406389243
38.803551737652796 -249.0 3.3758622888227148
38.75796279649184 -250.0 3.3449533113729397
38.712042546767826 -251.0 3.3141644390301614
38.66579205293754 -252.0 3.283494646751319
38.61921236273304 -253.0 3.2529429193785284
38.572304507461546 -254.0 3.2225082515572234
38.525069502299395 -255.0 3.1921896476540432
38.47750834658026 -256.0 3.1619861216744782
38.429622024077695 -257.0 3.1318966971803617
38.3814115032822 -258.0 3.101920407207235
38.33287773767287 -259.0 3.0720562941816207
38.28402166598364 -260.0 3.0423034098382837
38.2348442124645 -261.0 3.0126608151374796
38.18534628713752 -262.0 2.9831275801822503
38.135528786047864 -263.0 2.95370278413581
38.085392591510015 -264.0 2.9243855151390252
38.03493857234919 -265.0 2.8951748702280695
37.98416758413802 -266.0 2.866069955252236
37.933080469428724 -267.0 2.8370698847919713
37.88167805798071 -268.0 2.808173782077136
37.829961166983864 -269.0 2.779380778905543
37.77793060127749 -270.0 2.7506900155617657
37.72558715356497 -271.0 2.7221006407362776
37.672931604624424 -272.0 2.693611811444911
37.61996472351522 -273.0 2.66522269294868
37.5666872677805 -274.0 2.6369324586739737
37.513099983645965 -275.0 2.608740290133148
37.45920360621466 -276.0 2.58064537684552
37.40499885965821 -277.0 2.552646916258802
37.35048645740428 -278.0 2.5247441136709705
37.295667102320536 -279.0 2.4969361821525915
37.240541486895076 -280.0 2.4692223424696245
37.18511029341341 -281.0 2.4416018230067005
37.12937419413212 -282.0 2.4140738596909026
37.07333385144922 -283.00000000000006 2.3866376959160482
37.016989918071275 -284.00000000000006 2.35929258246749
36.96034303717733 -285.00000000000006 2.3320377774474395
36.903393842579874 -286.00000000000006 2.3048725462008255
36.84614295888258 -287.00000000000006 2.277796161241696
36.78859100163526 -288.00000000000006 2.2508079021801697
36.73073857748579 -289.0 2.223907055649936
36.67258628432921 -290.0 2.1970929152363246
36.614134711454106 -291.0 2.170364781404943
36.55538443968612 -292.0 2.1437219614308782
36.496336041528934 -293.0 2.1171637693284784
36.43699008130249 -294.0 2.090689525781722
36.377347115278724 -295.0 2.064298558075154
36.31740769181476 -296.0 2.0379902000254275
36.257172351483625 -297.0 2.0117637919134186
36.19664162720253 -298.0 1.9856186804169447
36.135816044358826 -299.0 1.9595542185440658
36.07469612093356 -300.0 1.9335697655669861
36.01328236762286 -301.0 1.907664686956548
35.951575287956985 -302.0 1.8818383543173225
35.889575378417256 -303.0 1.8560901453232959
35.827283128550796 -304.0 1.8304194436541545
35.764699021083246 -305.0 1.804825638932158
35.701823532029294 -306.0 1.7793081266596165
35.63865713080135 -307.0 1.7538663081569585
35.575200280316075 -308.0 1.728499590501389
35.51145343709916 -309.0 1.7032073864661477
35.44741705138799 -310.0 1.677989114460348
35.383091567232626 -311.0 1.652844198469412
35.3184774225949 -312.0 1.6277720679960896
35.2535750494457 -313.0 1.6027721580020606
35.18838487386051 -314.0 1.577843908850125
35.12290731611326 -315.0 1.5529867662469667
35.057142790768474 -316.0 1.528200181186498
34.991091706771755 -317.0 1.5034836098937767
34.92475446753866 -318.0 1.4788365137695
34.858131471042036 -319.0 1.4542583593350598
34.791223109897686 -320.0 1.4297486181781676
34.7445175209955 -321.0 1.4114012515818612
34.60190407390607 -322.0 1.364726673939376
34.36331137980795 -323.0 1.2899665898149733
34.028669302653775 -324.0 1.1873599495751117
33.59790892220692 -325.0 1.057143030766527
33.070962493476806 -326.0 0.899549533742572
32.44776340299098 -327.0 0.7148106903053979
31.728246122379304 -328.0 0.5031553840302052
30.91234615780199 -329.0 0.2648102874602827
30.096059018956016 -330.0 0.0277968501310397
-30.096059018956016 -330.0 -0.0277968501310397
-30.91234615780199 -329.0 -0.2648102874602827
-31.728246122379304 -328.0 -0.5031553840302052
-32.44776340299098 -327.0 -0.7148106903053979
-33.070962493476806 -326.0 -0.899549533742572
-33.59790892220692 -325.0 -1.057143030766527
-34.028669302653775 -324.0 -1.1873599495751117
-34.36331137980795 -323.0 -1.2899665898149733
-34.60190407390607 -322.0 -1.364726673939376
-34.7445175209955 -321.0 -1.4114012515818612
-34.791223109897686 -320.0 -1.4297486181781676
-34.858131471042036 -319.0 -1.4542583593350598
-34.92475446753866 -318.0 -1.4788365137695
-34.991091706771755 -317.0 -1.5034836098937767
-35.057142790768474 -316.0 -1.528200181186498
-35.12290731611326 -315.0 -1.5529867662469667
-35.18838487386051 -314.0 -1.577843908850125
-35.2535750494457 -313.0 -1.6027721580020606
-35.3184774225949 -312.0 -1.6277720679960896
-35.383091567232626 -311.0 -1.652844198469412
-35.44741705138799 -310.0 -1.677989114460348
-35.51145343709916 -309.0 -1.7032073864661477
-35.575200280316075 -308.0 -1.728499590501389
-35.63865713080135 -307.0 -1.7538663081569585
-35.701823532029294 -306.0 -1.7793081266596165
-35.764699021083246 -305.0 -1.804825638932158
-35.827283128550796 -304.0 -1.8304194436541545
-35.889575378417256 -303.0 -1.8560901453232959
-35.951575287956985 -302.0 -1.8818383543173225
-36.01328236762286 -301.0 -1.907664686956548
-36.07469612093356 -300.0 -1.9335697655669861
-36.135816044358826 -299.0 -1.9595542185440658
-36.19664162720253 -298.0 -1.9856186804169447
-36.257172351483625 -297.0 -2.0117637919134186
-36.31740769181476 -296.0 -2.0379902000254275
-36.377347115278724 -295.0 -2.064298558075154
-36.43699008130249 -294.0 -2.090689525781722
-36.496336041528934 -293.0 -2.1171637693284784
-36.55538443968612 -292.0 -2.1437219614308782
-36.614134711454106 -291.0 -2.170364781404943
-36.67258628432921 -290.0 -2.1970929152363246
-36.73073857748579 -289.0 -2.223907055649936
-36.78859100163526 -288.00000000000006 -2.2508079021801697
-36.84614295888258 -287.00000000000006 -2.277796161241696
-36.903393842579874 -286.00000000000006 -2.3048725462008255
-36.96034303717733 -285.00000000000006 -2.3320377774474395
-37.016989918071275 -284.00000000000006 -2.35929258246749
-37.07333385144922 -283.00000000000006 -2.3866376959160482
-37.12937419413212 -282.0 -2.4140738596909026
-37.18511029341341 -281.0 -2.4416018230067005
-37.240541486895076 -280.0 -2.4692223424696245
-37.295667102320536 -279.0 -2.4969361821525915
-37.35048645740428 -278.0 -2.5247441136709705
-37.40499885965821 -277.0 -2.552646916258802
-37.45920360621466 -276.0 -2.58064537684552
-37.513099983645965 -275.0 -2.608740290133148
-37.5666872677805 -274.0 -2.6369324586739737
-37.61996472351522 -273.0 -2.66522269294868
-37.672931604624424 -272.0 -2.693611811444911
-37.72558715356497 -271.0 -2.7221006407362776
-37.77793060127749 -270.0 -2.7506900155617657
-37.829961166983864 -269.0 -2.779380778905543
-37.88167805798071 -268.0 -2.808173782077136
-37.933080469428724 -267.0 -2.8370698847919713
-37.98416758413802 -266.0 -2.866069955252236
-38.03493857234919 -265.0 -2.8951748702280695
-38.085392591510015 -264.0 -2.9243855151390252
-38.135528786047864 -263.0 -2.95370278413581
-38.18534628713752 -262.0 -2.9831275801822503
-38.2348442124645 -261.0 -3.0126608151374796
-38.28402166598364 -260.0 -3.0423034098382837
-38.33287773767287 -259.0 -3.0720562941816207
-38.3814115032822 -258.0 -3.101920407207235
-38.429622024077695 -257.0 -3.1318966971803617
-38.47750834658026 -256.0 -3.1619861216744782
-38.525069502299395 -255.0 -3.1921896476540432
-38.572304507461546 -254.0 -3.2225082515572234
-38.61921236273304 -253.0 -3.2529429193785284
-38.66579205293754 -252.0 -3.283494646751319
-38.712042546767826 -251.0 -3.3141644390301614
-38.75796279649184 -250.0 -3.3449533113729397
-38.803551737652796 -249.0 -3.3758622888227148
-38.84880828876337 -248.0 -3.406892406389243
-38.893731350993654 -247.0 -3.4380447091301187
-38.938319807852956 -246.0 -3.469320252231468
-38.982572524865155 -245.0 -3.5007201010881297
-39.02648834923754 -244.0 -3.5322453313832716
-39.07006610952297 -243.0 -3.563897029167353
-39.1133046152753 -242.0 -3.595676290936373
-39.156202656697815 -241.0 -3.6275842237093268
-39.19875900428462 -240.0 -3.659621945104785
-39.24097240845475 -239.00000000000003 -3.6917905834165157
-39.28284159917897 -238.00000000000003 -3.7240912776880637
-39.32436528559898 -237.00000000000003 -3.756525177786189
-39.365542155639 -236.00000000000003 -3.7890934444730715
-39.40637087560944 -235.00000000000003 -3.8217972494771857
-39.44685008980267 -234.0 -3.8546377755627295
-39.48697842008049 -233.0 -3.8876162165975208
-39.52675446545338 -232.0 -3.9207337776191946
-39.566176801651174 -231.0 -3.953991674899661
-39.60524398068513 -230.0 -3.987391136007618
-39.64395453040103 -229.0 -4.020933399869041
-39.6823069540234 -228.0 -4.054619716825492
-39.72029972969039 -227.0 -4.088451348690102
-39.757931309979305 -226.0 -4.122429568801089
-39.79520012142257 -225.0 -4.15655566207265
-39.83210456401389 -224.0 -4.1908309250430555
-39.868643010704425 -223.0 -4.225256665919797
-39.904813806888846 -222.0 -4.259834204621593
-39.94061526988097 -221.0 -4.2945648728170625
-39.97604568837886 -220.0 -4.32945001395991
-40.01110332191913 -219.0 -4.364490983320361
-40.045786400320246 -218.0 -4.3996891480127
-40.08009312311468 -217.0 -4.435045887018652
-40.11402165896959 -216.0 -4.470562591206385
-40.147570145095905 -215.0 -4.506240663344907
-40.18073668664555 -214.0 -4.54208151811361
-40.21351935609659 -213.0 -4.578086582106678
-40.24591619262606 -212.0 -4.614257293832129
-40.27792520147031 -211.0 -4.6505951037051645
-40.30954435327253 -210.0 -4.687101474035578
-40.34077158341733 -209.0 -4.7237778790088845
-40.371604791352055 -208.00000000000003 -4.760625804660871
-40.40204183989469 -207.00000000000003 -4.797646748845233
-40.43208055452796 -206.00000000000003 -4.834842221193949
-40.46171872267958 -205.00000000000003 -4.872213743070035
-40.49095409298829 -204.00000000000003 -4.9097628475123205
-40.519784374555414 -203.0 -4.947491079171827
-40.548207236181796 -202.0 -4.98539999423938
-40.576220305589786 -201.0 -5.023491160363999
-40.603821168630056 -200.0 -5.0617661565616645
-40.631007368473 -199.0 -5.100226573113963
-40.65777640478446 -198.0 -5.138874011456175
-40.68412573288556 -197.0 -5.1777100840543
-40.71005276289638 -196.0 -5.216736414270476
-40.73555485886319 -195.0 -5.255954636216324
-40.760629337869084 -194.0 -5.295366394593593
-40.785273469127674 -193.0 -5.334973344521574
-40.809484473059705 -192.0 -5.374777151350664
-40.83325952035225 -191.0 -5.414779490461478
-40.856595731000354 -190.0 -5.4549820470488095
-40.87949017333079 -189.0 -5.495386515889845
-40.901939863007755 -188.0 -5.535994601095857
-40.923941762020384 -187.0 -5.576808015846691
-40.94549277765163 -186.0 -5.61782848210729
-40.966589761428516 -185.0 -5.6590577303254515
-40.98722950805345 -184.0 -5.7004974991100115
-41.00740875431649 -183.0 -5.742149534888631
-41.027124177988235 -182.0 -5.784015591544271
-41.04637239669336 -181.0 -5.826097430029468
-41.06514996676443 -180.0 -5.868396817957459
-41.08345338207599 -179.0 -5.910915529169172
-41.10127907285878 -178.0 -5.953655343275066
-41.1186234044938 -177.0 -5.996618045170756
-41.13548267628638 -176.0 -6.039805424525352
-41.15185312021985 -175.00000000000003 -6.0832192752413325
-41.167730899689076 -174.00000000000003 -6.126861394884817
-41.18311210821346 -173.00000000000003 -6.170733584084993
-41.19799276812976 -172.0 -6.214837645901434
-41.21236882926427 -171.0 -6.259175385157995
-41.2262361675849 -170.0 -6.303748607741954
-41.239590583832644 -169.0 -6.3485591198669304
-41.25242780213303 -168.0 -6.393608727298195
-41.26474346858731 -167.0 -6.43889923453881
-41.27653314984369 -166.0 -6.484432443975063
-41.28779233164868 -165.0 -6.530210154979562
-41.298516417378956 -164.0 -6.576234162970333
-41.30870072655375 -163.0 -6.622506258424189
-41.3183404933283 -162.0 -6.669028225842574
-41.327430864968534 -161.0 -6.715801842668026
-41.33596690030757 -160.0 -6.762828878149382
-41.3439435681843 -159.0 -6.810111092153718
-41.35135574586472 -158.0 -6.857650233922985
-41.358198217446535 -157.0 -6.905448040773264
-41.36446567224763 -156.0 -6.953506236734465
-41.37015270317926 -155.0 -7.001826531128168
-41.375253805104556 -154.0 -7.050410617081413
-41.379763373183415 -153.0 -7.099260169973921
-41.38367570120458 -152.0 -7.148376845816418
-41.38698497990602 -151.0 -7.197762279557427
-41.38968529528468 -150.0 -7.247418083316012
-41.39177062689698 -149.0 -7.297345844537735
-41.393234846151216 -148.0 -7.3475471240711006
-41.39407171459347 -147.0 -7.398023454161654
-41.394274882188476 -146.0 -7.44877633636081
-41.39383788559727 -145.0 -7.499807239346442
-41.39275414645335 -144.00000000000003 -7.55111759665217
-41.39101696963934 -143.00000000000003 -7.602708804302158
-41.38861954156632 -142.00000000000003 -7.6545822183482795
-41.38555492845802 -141.0 -7.706739152306254
-41.38181607464239 -140.0 -7.759180874487475
-41.37739580085302 -139.0 -7.811908605222995
-41.372286802543464 -138.0 -7.8649235139761995
-41.3664816482171 -137.0 -7.9182267163405164
-41.359972777776 -136.0 -7.971819270918539
-41.35275250089199 -135.0 -8.025702176078783
-41.344812995403686 -134.0 -8.079876366586285
-41.33614630574326 -133.0 -8.13434271010316
-41.326744341396946 -132.0 -8.189102003555226
-41.31659887540384 -131.0 -8.244154969360627
-41.30570154289738 -130.0 -8.299502251516522
-41.29404383969454 -129.0 -8.35514441153969
-41.28161712093786 -128.0 -8.411081924256937
-41.26841259979583 -127.0 -8.467315173441198
-41.25442134622739 -126.0 -8.523844447289102
-41.23963428581669 -125.0 -8.580669933735873
-41.2240421986847 -124.0 -8.637791715603306
-41.20763571848426 -123.0 -8.695209765576712
-41.19040533148617 -122.0 -8.752923941006559
-41.172341375763494 -121.0 -8.810933978530768
-41.153434040448495 -120.0 -8.869239488556198
-41.13367336546031 -119.00000000000001 -8.927839949106655
-41.11304924030858 -118.00000000000001 -8.986734700795216
-41.0915514037448 -117.0 -9.045922940679505
-41.069169445620716 -116.0 -9.105403713407586
-41.04589280389742 -115.0 -9.16517590831907
-41.02171076648753 -114.0 -9.22523825057613
-40.99661247117835 -113.0 -9.285589294673203
-40.97058690611633 -112.0 -9.346227417271042
-40.94362291049067 -111.0 -9.407150809815306
-40.91570917542922 -110.0 -9.468357470937091
-40.88683424511988 -109.0 -9.529845198633081
-40.856986518171546 -108.0 -9.591611582223354
-40.82615424922933 -107.0 -9.65365399408527
-40.79432555085913 -106.0 -9.71596958116223
-40.76148839571728 -105.0 -9.778555256246568
-40.72763061902196 -104.00000000000001 -9.841407689036284
-40.69273992134305 -103.00000000000001 -9.90452329696597
-40.65680387172821 -102.00000000000001 -9.96789823581273
-40.61980991118349 -101.0 -10.031528390078648
-40.581745356527136 -100.0 -10.095409363151962
-40.5425974046363 -99.0 -10.159536467249923
-40.50235313710639 -98.0 -10.223904713147107
-40.46099952534408 -97.0 -10.288508799693762
-40.418523436114846 -96.0 -10.353343103129813
-40.37491163756693 -95.0 -10.418401666201165
-40.330150805754364 -94.0 -10.483678187085506
-40.284227531680855 -93.0 -10.549166008137439
-40.23712832888905 -92.0 -10.614858104461748
-40.1888396416179 -91.0 -10.680747072326941
-40.13934785355259 -90.0 -10.746825117431584
-40.08863929719126 -89.0 -10.813084043037547
-40.03670026385317 -88.0 -10.879515237986002
-39.98351701435318 -87.00000000000001 -10.946109664613521
-39.929075790367335 -86.0 -11.012857846587382
-39.87336282651466 -85.0 -11.079749856681035
-39.81636436317999 -84.0 -11.146775304512502
-39.75806666010255 -83.0 -11.21392332427059
-39.69845601075474 -82.0 -11.281182562455731
-39.63751875753517 -81.0 -11.34854116566454
-39.575241307799516 -80.0 -11.415986768449311
-39.5116101507518 -79.0 -11.483506481286117
-39.446611875218274 -78.0 -11.551086878687435
-39.38023318832472 -77.0 -11.61871398749777
-39.31246093509697 -76.0 -11.68637327541324
-39.24328211900289 -75.0 -11.754049639768683
-39.17268392345273 -74.0 -11.821727396638439
-39.10065373427253 -73.0 -11.889390270299673
-39.027179163163645 -72.00000000000001 -11.95702138310976
-38.9522480721588 -71.00000000000001 -12.024603245851978
-38.87584859908262 -70.0 -12.092117748606448
-38.79055535892166 -69.0 -12.14932724399725
-38.69940476976268 -68.0 -12.200025108655744
-38.60252143073943 -67.0 -12.244097395629815
-38.50003437989041 -66.0 -12.28142953978409
-38.392077190439295 -65.0 -12.311906449843928
-38.278788064850495 -64.0 -12.335412606690104
-38.16030992678402 -63.0 -12.351832167691978
-38.03679051012226 -62.0 -12.361049077501827
-37.908382445591606 -61.0 -12.362947184804222
-37.775243336549735 -60.0 -12.357410370196463
-37.63753584587701 -59.00000000000001 -12.344322670885745
-37.5 -58.0 -12.323568422098587
-37.5 -57.0 -12.295032400220592
-37.5 -56.0 -12.25859997337329
-37.5 -55.0 -12.214157260403807
-37.5 -54.0 -12.161591292158885
-37.5 -53.0 -12.100790185015986
-37.5 -52.00000000000001 -12.031643316511728
-37.5 -51.00000000000001 -11.954041508874974
-37.5 -50.0 -11.867877218261192
-37.5 -49.0 -11.773044729719112
-37.5 -48.0 -11.669440357593302
-37.5 -47.0 -11.556962651022884
-37.5 -46.0 -11.435512604152363
-37.5 -45.0 -11.304993870625172
-37.5 -44.0 -11.165312981885315
-37.5 -43.0 -11.01637956876665
-37.5 -42.0 -10.858106585804054
-37.5 -41.0 -10.690410537656025
-37.5 -40.0 -10.513211706984569
-37.5 -39.0 -9.7738450626815
-37.5 -38.0 -9.05033176940746
-37.5 -37.0 -8.343778554048141
-37.5 -36.00000000000001 -7.655292214181953
-37.5 -35.0 -6.985979617562367
-37.5 -34.0 -6.336947701152778
-37.623019735702194 -33.0 -5.7093034696970575
-37.68308453731201 -32.0 -5.104153993809068
-37.68381983666059 -31.0 -4.522606407564252
-37.63103432826106 -30.0 -3.9657679055765955
-37.529588149738565 -29.0 -3.4347457395441285
-37.5 -28.0 -2.9306472142462203
-37.5 -27.0 -2.4545796829758237
-37.5 -26.000000000000004 -2.0076505423898747
-37.5 -25.0 -1.5909672267609567
-37.5 -24.0 -1.2056372016133576
-37.5 -23.0 -0.8527679567265362
-37.5 -22.0 -0.5334669984889902
-37.5 -21.0 -0.24884184158542053
-37.5 -20.0 0.0
-37.5 -19.0 0.0
-37.5 -18.000000000000004 0.0
-37.5 -17.0 0.0
-37.5 -16.0 0.0
-37.5 -15.0 0.0
-37.5 -14.0 0.0
-37.5 -13.000000000000002 0.0
-37.5 -12.0 0.0
-37.5 -11.0 0.0
-37.5 -10.0 0.0
-37.5 -9.000000000000002 0.0
-37.5 -8.0 0.0
-37.5 -7.0 0.0
-37.5 -6.0 0.0
-37.5 -5.0 0.0
-37.5 -4.0 0.0
-37.5 -3.0 0.0
-37.5 -2.0 0.0
-37.5 -1.0 0.0
