-0.0 0 10.0
-0.11054221610908031 1.0 10.566766382450572
-0.23271937049403743 2.0 11.124085567261746
-0.3662242534009683 3.0 11.671778284603326
-0.5107425034689309 4.0 12.209672107321543
-0.6659530311759638 5.0 12.737601725835784
-0.8315284558301596 6.0 13.255409207017307
-1.007135554618069 7.0 13.762944236357132
-1.1924357221463715 8.0 14.26006434217639
-1.3870854388664728 9.000000000000002 14.74663510093267
-1.5907367467297704 10.0 15.222530322733103
-1.8030377303905307 11.0 15.68763221626214
-2.023633002253309 12.0 16.141831532436143
-2.2521641896529103 13.000000000000002 16.585027686208086
-2.4882704224571377 14.0 17.01712885606151
-2.7315888193961433 15.0 17.438052060854325
-2.9817549714466476 16.0 17.847723213795692
-3.2384034206349286 17.0 18.24607715346627
-3.501168132668388 18.000000000000004 18.63305765191772
-3.7696829618615784 19.0 19.00861740001389
-4.043582106888068 20.0 19.37271797029984
-4.322500555963787 21.0 19.725329757806314
-4.606074520149789 22.0 20.066431899313994
-4.893941853551694 23.0 20.39601217171342
-5.185742459288691 24.0 20.71406687020163
-5.481118680205715 25.0 21.02060066715445
-5.779715673407489 26.000000000000004 21.315626452603
-6.081181767801066 27.0 21.599165157323664
-6.38516880394396 28.0 21.87124555962243
-6.691332455605962 29.0 22.131904076955447
-6.999332532564363 30.0 22.381184543579508
-7.308833264262384 31.0 22.619137975466366
-7.619503564069388 32.0 22.845822323745747
-7.9310172739870195 33.0 23.061302217961714
-8.243053389747814 34.0 23.265648700436994
-8.55529626635064 35.0 23.45893895304038
-8.867435804170457 36.00000000000001 23.641256017642586
-9.179167615867524 37.0 23.81268851152852
-9.490193174402709 38.0 23.97333033900716
-9.800219942541057 39.0 24.123280400426616
-10.1089614842965 40.0 24.262642299766014
-10.416137558818287 41.0 24.391524051894116
-10.721474197319603 42.0 24.510037790641498
-11.024703763619234 43.0 24.61829947858604
-11.325564998990082 44.0 24.71642861959102
-11.623803051991619 45.0 24.804547974945173
-11.919169494009493 46.0 24.88278328393292
-12.211422321244495 47.0 24.951262989589065
-12.50032594390903 48.0 25.010117970324398
-12.785651163398965 49.0 25.059481278040156
-13.067175138213578 50.0 25.09948788328183
-13.34468133939593 51.00000000000001 25.13027442791598
-13.617959496260935 52.00000000000001 25.15197898574822
-13.88680553316937 53.0 25.164740831437268
-14.15102149809314 54.0 25.168700217998783
-14.410415483700655 55.0 25.163998163133925
-14.664801541672214 56.0 25.150776244562042
-14.913999590933111 57.0 25.129176404483943
-15.157835320468491 58.0 25.099340763252968
-15.39614008735802 59.00000000000001 25.061411442284744
-15.628750810641089 60.0 25.0155303961937
-15.855509861595104 61.0 24.96183925410536
-16.076264950855382 62.0 24.90047916986216
-16.290869013753586 63.0 24.83159068234068
-16.499180091794443 64.0 24.755313581701238
-16.70106121510409 65.0 24.67178678823577
-16.896380282503273 66.0 24.581148237634444
-17.085009938246912 67.0 24.483534770693897
-17.26682745523257 68.0 24.379082041081816
-17.44171461090585 69.0 24.267924420025466
-17.60955756739308 70.0 24.150194914295668
-17.762263919571055 71.00000000000001 24.01511857240169
-17.912081712367847 72.00000000000001 23.879926048813633
-18.059033550950762 73.0 23.74465305213982
-18.203142580323707 74.0 23.609334039484043
-18.344432436660586 75.0 23.474002236646655
-18.482927200559256 76.0 23.338689659268077
-18.618651352198217 77.0 23.2034271348016
-18.751629728373484 78.0 23.068244325207996
-18.88188748138908 79.0 22.933169750270693
-19.00945003977086 80.0 22.798230811435733
-19.13434307077018 81.0 22.66345381608665
-19.25659244462111 82.0 22.52886400216985
-19.376224200512375 83.0 22.394485563091514
-19.49326451423339 84.0 22.26034167281235
-19.607739667451526 85.0 22.12645451107149
-19.719676018576966 86.0 21.99284528867595
-19.82909997516967 87.00000000000001 21.859534272796523
-19.93603796784268 88.0 21.726540812215777
-20.04051642561503 89.0 21.593883362478064
-20.142561752667067 90.0 21.4615795108955
-20.24220030645115 91.0 21.329646001368136
-20.339458377110187 92.0 21.198098758979892
-20.43436216815701 93.0 21.066952914335797
-20.52693777836758 94.0 20.936222827609235
-20.617211184841626 95.0 20.805922112271002
-20.705208227185366 96.0 20.676063658475933
-20.79095459276938 97.0 20.546659656082998
-20.874475803019486 98.0 20.41772161729195
-20.955797200695216 99.0 20.289260398877506
-21.034943938113724 100.0 20.161286224007192
-21.111940966277313 101.0 20.033808703630278
-21.186813024863675 102.00000000000001 19.906836857427226
-21.259584633039083 103.00000000000001 19.780379134311197
-21.33028008105596 104.00000000000001 19.654443432474746
-21.398923422597136 105.0 19.52903711897652
-21.46553846783037 106.0 19.40416704886426
-21.530148777137846 107.0 19.27983958383179
-21.59277765548645 108.0 19.15606061040899
-21.653448147405886 109.0 19.03283555768479
-21.712183032542587 110.0 18.910169414564436
-21.76900482175894 111.0 18.788066746563107
-21.823935753747943 112.0 18.666531712138948
-21.876997792135075 113.0 18.545568078569335
-21.928212623039823 114.0 18.425179237374817
-21.977601653070593 115.0 18.305368219295985
-22.025186007727918 116.0 18.186137708829023
-22.070986530189554 117.0 18.06749005832439
-22.115023780810596 118.00000000000001 17.94942730194634
-22.157318034879502 119.00000000000001 17.831951167510432
-22.19788928586348 120.0 17.715063092129824
-22.23675724207855 121.0 17.598764231844264
-22.27394132878135 122.0 17.483055475050385
-22.309460688465617 123.0 17.367937453864368
-22.34333418174268 124.0 17.253410555382082
-22.37558038844695 125.0 17.139474932565832
-22.406217608950598 126.0 17.026130514766297
-22.435263865672233 127.0 16.913377017888244
-22.462736904764967 128.0 16.80121395420865
-22.48865419797058 129.0 16.689640641856013
-22.513032944626307 130.0 16.578656213959345
-22.53589007381236 131.0 16.468259627475675
-22.557242246628117 132.0 16.358449671704474
-22.577105858586254 133.0 16.2492249764977
-22.595497042114072 134.0 16.140584020173815
-22.612431669152322 135.0 16.03252513714416
-22.627925353842013 136.0 15.925046525260015
-22.641993455290482 137.0 15.818146252888406
-22.654651080408335 138.0 15.7118222657248
-22.66591308680938 139.0 15.60607239335048
-22.675794085766185 140.0 15.50089435554247
-22.684308445214292 141.0 15.396285768343594
-22.691470292798474 142.00000000000003 15.292244149900128
-22.697293518954947 143.00000000000003 15.188766926074443
-22.70179178002367 144.00000000000003 15.085851435839743
-22.704978501385405 145.0 14.983494936463961
-22.706866880618385 146.0 14.88169460848966
-22.707469890669785 147.0 14.780447560516658
-22.706800283037712 148.0 14.679750833793863
-22.70487059095932 149.0 14.579601406626756
-22.70169313260146 150.0 14.479996198606703
-22.6972800142499 151.0 14.380932074668143
-22.69164313349404 152.0 14.282405848979554
-22.68479418240398 153.0 14.184414288673965
-22.67674465069674 154.0 14.086954117424488
-22.667505828889333 155.0 13.990022018870404
-22.657088811435955 156.0 13.893614639898997
-22.64550449984709 157.0 13.797728593788257
-22.632763605788373 158.0 13.702360463215415
-22.618876654157337 159.0 13.607506803136125
-22.603853986136116 160.0 13.51316414353897
-22.587705762218732 161.0 13.419328992079777
-22.570441965211103 162.0 13.32599783660017
-22.55207240320284 163.0 13.233167147534582
-22.532606712509278 164.0 13.140833380209852
-22.512054360582777 165.0 13.048992977041358
-22.490424648892294 166.0 12.957642369629584
-22.467726715770365 167.0 12.86677798076083
-22.443969539226615 168.0 12.776396226315649
-22.419161939727193 169.0 12.686493517088532
-22.393312582939473 170.0 12.597066260522173
-22.366429982441602 171.0 12.508110862359649
-22.338522502396234 172.0 12.419623728217541
-22.309598360188353 173.00000000000003 12.331601265083146
-22.279665629026653 174.00000000000003 12.244039882738681
-22.248732240508343 175.00000000000003 12.156935995115273
-22.21680598714716 176.0 12.070286021579548
-22.18389452486453 177.0 11.984086388155406
-22.15000537544364 178.0 11.898333528683544
-22.115145928946575 179.0 11.813023885921183
-22.079323446094428 180.0 11.728153912584418
-22.04254506061045 181.0 11.643720072335404
-22.004817781526366 182.0 11.559718840716622
-21.96614849545196 183.0 11.476146706034392
-21.926543968808073 184.0 11.393000170193597
-21.88601085002328 185.0 11.310275749485676
-21.84455567169436 186.0 11.227969975331744
-21.802184852710905 187.0 11.146079394982689
-21.758904700344285 188.0 11.064600572178023
-21.71472141230118 189.0 10.983530087765164
-21.66964107874224 190.0 10.902864540280826
-21.623669684265824 191.0 10.822600546496048
-21.576813109857525 192.0 10.742734741926448
-21.529077134805625 193.0 10.663263781309093
-21.480467438582856 194.0 10.58418433904745
-21.430989602694993 195.0 10.505493109625753
-21.380649112496464 196.0 10.427186807994094
-21.329451358973568 197.0 10.349262169925463
-21.2774016404956 198.0 10.271715952346037
-21.22450516453431 199.0 10.194544933639753
-21.17076704935213 200.0 10.117745913928372
-21.11619232565966 201.0 10.041315715328114
-21.060785938242713 202.0 9.965251182183822
-21.004552747559405 203.0 9.889549181281701
-20.947497531307842 204.00000000000003 9.814206602041631
-20.889624985964662 205.00000000000003 9.739220356689874
-20.830939728294943 206.00000000000003 9.664587380413117
-20.771446296834014 207.00000000000003 9.590304631494721
-20.711149153341363 208.00000000000003 9.516369091433901
-20.65005268422746 209.0 9.442777765048762
-20.5881612019535 210.0 9.369527680563793
-20.525478946404824 211.0 9.296615889682649
-20.46201008623835 212.0 9.224039467646861
-20.397758720204397 213.0 9.15179551328118
-20.332728878443397 214.0 9.079881149026146
-20.266924523757915 215.0 9.008293520958564
-20.200349552860356 216.0 8.937029798800387
-20.133007797596875 217.0 8.866087175916686
-20.06490302614775 218.0 8.795462869303138
-19.99603894420482 219.0 8.725154119563642
-19.92641919612627 220.0 8.655158190878517
-19.856047366069163 221.0 8.585472370963766
-19.784926979100206 222.0 8.516093971021892
-19.7130615022851 223.0 8.447020325684685
-19.64045434575683 224.0 8.378248792948417
-19.56710886376335 225.0 8.309776754101843
-19.49302835569495 226.0 8.241601613647394
-19.41821606709185 227.0 8.173720799215982
-19.34267519063215 228.0 8.106131761475682
-19.266408867100726 229.0 8.038831974034743
-19.18942018633933 230.0 7.971818933339177
-19.111712188178203 231.0 7.905090158565274
-19.033287863349724 232.0 7.83864319150737
-18.954150154384184 233.0 7.772475596461076
-18.874301956488253 234.0 7.7065849601023455
-18.793746118406442 235.00000000000003 7.640968891362599
-18.712485443265656 236.00000000000003 7.575625021300116
-18.63052268940355 237.00000000000003 7.51055100296804
-18.54786057118062 238.00000000000003 7.445744511279125
-18.464501759776674 239.00000000000003 7.381203242867533
-18.380448883971695 240.0 7.316924915947828
-18.295704530911642 241.0 7.252907270171394
-18.210271246859357 242.0 7.189148066480519
-18.124151537930832 243.0 7.125645086960235
-18.037347870817342 244.0 7.0623961346881865
-17.949862673493396 245.0 6.999399033582636
-17.861698335911058 246.0 6.9366516282487956
-17.772857210680854 247.0 6.874151783823648
-17.683341613739348 248.0 6.811897385819368
-17.593153825003938 249.0 6.749886339965528
-17.50229608901488 250.0 6.6881165720502045
-17.410770615564978 251.0 6.626586027760107
-17.318579580317028 252.0 6.565292672519864
-17.225725125409397 253.0 6.50423449133059
-17.132209360049856 254.0 6.443409488607807
-17.038034361098024 255.0 6.382815688018883
-16.94320217363655 256.0 6.32245113232006
-16.847714811531315 257.0 6.26231388319314
-16.7515742579808 258.0 6.202402021081978
-16.654782466054996 259.0 6.1427136450288335
-16.55734135922387 260.0 6.083246872510657
-16.459252831875745 261.0 6.023999839275432
-16.360518749825722 262.0 5.964970699178587
-16.26114095081438 263.0 5.9061576240196105
-16.161121244996867 264.0 5.8475588033788775
-16.0604614154228 265.0 5.789172444454819
-15.959163218506815 266.0 5.7309967719014185
-15.857228384490291 267.0 5.673030027666162
-15.754658617894167 268.0 5.615270470828444
-15.651455597963247 269.0 5.557716377438527
-15.547620979101962 270.0 5.500366040357041
-15.443156391301944 271.0 5.443217769095161
-15.338063440561415 272.0 5.386269889655396
-15.232343709296702 273.0 5.3295207443731245
-15.125998756745922 274.0 5.27296869175886
-15.019030119365066 275.0 5.216612106341303
-14.91143931121657 276.0 5.160449378511209
-14.803227824350628 277.0 5.1044789143661005
-14.694397129179281 278.0 5.048699135555873
-14.584948674843462 279.0 4.993108479129285
-14.474883889573224 280.0 4.9377053973814
-14.364204181041133 281.0 4.8824883577019715
-14.252910936709084 282.0 4.827455842424815
-14.141005524168637 283.00000000000006 4.77260634867818
-14.028489291475013 284.00000000000006 4.717938388236144
-13.915363567474797 285.00000000000006 4.663450487371031
-13.801629662127644 286.00000000000006 4.609141186706907
-13.687288866821913 287.00000000000006 4.55500904107413
-13.572342454684497 288.00000000000006 4.5010526193649865
-13.456791680884885 289.0 4.447270504390433
-13.340637782933609 290.0 4.39366129273793
-13.223881980975182 291.0 4.340223594630419
-13.10652547807561 292.0 4.2869560337864066
-12.988569460504626 293.0 4.233857247281196
-12.870015098012734 294.0 4.180925885409264
-12.750863544103128 295.0 4.12816061154778
-12.631115936298697 296.0 4.075560102021298
-12.510773396404051 297.0 4.0231230459675915
-12.389837030762857 298.0 3.970848145204673
-12.268307930510375 299.0 3.9187341140989647
-12.146187171821468 300.0 3.8667796794346545
-12.023475816154066 301.0 3.8149835802842182
-11.900174910488225 302.0 3.7633445678801176
-11.776285487560827 303.0 3.7118614054876757
-11.651808566096053 304.0 3.6605328682791263
-11.526745151031692 305.0 3.609357743208838
-11.401096233741319 306.0 3.5583348288897056
-11.274862792252552 307.0 3.5074629354707283
-11.148045791461293 308.0 3.456740884515736
-11.020646183342215 309.0 3.406167508883312
-10.89266490715537 310.0 3.355741652607842
-10.76410288964921 311.0 3.3054621707817637
-10.634961045259882 312.0 3.2553279294389363
-10.505240276307031 313.0 3.2053378054391968
-10.374941473186107 314.0 3.1554906863540344
-10.244065514557223 315.0 3.1057854703534287
-10.112613267530696 316.0 3.056221066093819
-9.980585587849273 317.0 3.0067963926072023
-9.84798332006717 318.0 2.957510379191366
-9.714807297725908 319.0 2.9083619653012374
-9.58105834352707 320.0 2.8593501004413437
-9.48769549271969 321.0 2.8226608869278444
-9.20259314356705 322.0 2.7293252564561903
-8.725593304384176 323.0 2.57982495172317
-8.056533138047143 324.0 2.3746354547015502
-7.195247513050243 325.0 2.1142264343787414
-6.141572435631886 326.0 1.7990623106803572
-4.8953493314915555 327.0 1.4296029277951876
-3.4564301463055784 328.0 1.0063043304115047
-1.8246832352061675 329.0 0.5296196368407862
-0.9605888839316582 330.0 0.27796832201308647
