7.5 -1.0 0.0
7.5 -2.0 0.0
7.5 -3.0 0.0
7.5 -4.0 0.0
7.5 -5.0 0.0
7.5 -6.0 0.0
7.5 -7.0 0.0
7.5 -8.0 0.0
7.5 -9.000000000000002 0.0
7.5 -10.0 0.0
7.5 -11.0 0.0
7.5 -12.0 0.0
7.5 -13.000000000000002 0.0
7.5 -14.0 0.0
7.5 -15.0 0.0
7.5 -16.0 0.0
7.5 -17.0 0.0
7.5 -18.000000000000004 0.0
7.5 -19.0 0.0
7.5 -20.0 0.0
7.5 -21.0 0.24884184158542053
7.5 -22.0 0.5334669984889902
7.5 -23.0 0.8527679567265362
7.5 -24.0 1.2056372016133576
7.5 -25.0 1.5909672267609567
7.5 -26.000000000000004 2.0076505423898747
7.5 -27.0 2.4545796829758237
7.5 -28.0 2.9306472142462203
7.529588149738568 -29.0 3.4347457395441285
7.631034328261056 -30.0 3.9657679055765955
7.683819836660589 -31.0 4.522606407564252
7.683084537312016 -32.0 5.104153993809068
7.623019735702197 -33.0 5.7093034696970575
7.5 -34.0 6.336947701152778
7.5 -35.0 6.985979617562367
7.5 -36.00000000000001 7.655292214181953
7.5 -37.0 8.343778554048141
7.5 -38.0 9.05033176940746
7.5 -39.0 9.7738450626815
7.5 -40.0 10.513211706984569
7.5 -41.0 10.690410537656025
7.5 -42.0 10.858106585804054
7.5 -43.0 11.01637956876665
7.5 -44.0 11.165312981885315
7.5 -45.0 11.304993870625172
7.5 -46.0 11.435512604152363
7.5 -47.0 11.556962651022884
7.5 -48.0 11.669440357593302
7.5 -49.0 11.773044729719112
7.5 -50.0 11.867877218261192
7.5 -51.00000000000001 11.954041508874974
7.5 -52.00000000000001 12.031643316511728
7.5 -53.0 12.100790185015986
7.5 -54.0 12.161591292158885
7.5 -55.0 12.214157260403807
7.5 -56.0 12.25859997337329
7.5 -57.0 12.295032400220592
7.5 -58.0 12.323568422098587
7.637535845877016 -59.00000000000001 12.344322670885745
7.775243336549737 -60.0 12.357410370196463
7.908382445591604 -61.0 12.362947184804222
8.03679051012226 -62.0 12.361049077501827
8.160309926784018 -63.0 12.351832167691978
8.278788064850493 -64.0 12.335412606690104
8.392077190439293 -65.0 12.311906449843928
8.500034379890405 -66.0 12.28142953978409
8.602521430739435 -67.0 12.244097395629815
8.699404769762678 -68.0 12.200025108655744
8.790555358921662 -69.0 12.14932724399725
8.875848599082627 -70.0 12.092117748606448
8.952248072158804 -71.00000000000001 12.024603245851978
9.027179163163648 -72.00000000000001 11.95702138310976
9.100653734272525 -73.0 11.889390270299673
9.172683923452729 -74.0 11.821727396638439
9.243282119002895 -75.0 11.754049639768683
9.312460935096974 -76.0 11.68637327541324
9.380233188324725 -77.0 11.61871398749777
9.446611875218276 -78.0 11.551086878687435
9.511610150751803 -79.0 11.483506481286117
9.57524130779952 -80.0 11.415986768449311
9.63751875753517 -81.0 11.34854116566454
9.698456010754738 -82.0 11.281182562455731
9.758066660102555 -83.0 11.21392332427059
9.816364363179996 -84.0 11.146775304512502
9.873362826514661 -85.0 11.079749856681035
9.929075790367333 -86.0 11.012857846587382
9.983517014353183 -87.00000000000001 10.946109664613521
10.036700263853172 -88.0 10.879515237986002
10.08863929719126 -89.0 10.813084043037547
10.139347853552595 -90.0 10.746825117431584
10.188839641617907 -91.0 10.680747072326941
10.237128328889051 -92.0 10.614858104461748
10.28422753168086 -93.0 10.549166008137439
10.330150805754366 -94.0 10.483678187085506
10.374911637566932 -95.0 10.418401666201165
10.418523436114846 -96.0 10.353343103129813
10.460999525344077 -97.0 10.288508799693762
10.502353137106388 -98.0 10.223904713147107
10.542597404636293 -99.0 10.159536467249923
10.58174535652714 -100.0 10.095409363151962
10.619809911183491 -101.0 10.031528390078648
10.656803871728213 -102.00000000000001 9.96789823581273
10.692739921343048 -103.00000000000001 9.90452329696597
10.72763061902196 -104.00000000000001 9.841407689036284
10.761488395717276 -105.0 9.778555256246568
10.794325550859126 -106.0 9.71596958116223
10.82615424922934 -107.0 9.65365399408527
10.85698651817155 -108.0 9.591611582223354
10.88683424511988 -109.0 9.529845198633081
10.915709175429225 -110.0 9.468357470937091
10.943622910490667 -111.0 9.407150809815306
10.970586906116331 -112.0 9.346227417271042
10.996612471178357 -113.0 9.285589294673203
11.021710766487528 -114.0 9.22523825057613
11.045892803897416 -115.0 9.16517590831907
11.06916944562072 -116.0 9.105403713407586
11.0915514037448 -117.0 9.045922940679505
11.113049240308579 -118.00000000000001 8.986734700795216
11.133673365460309 -119.00000000000001 8.927839949106655
11.153434040448499 -120.0 8.869239488556198
11.172341375763498 -121.0 8.810933978530768
11.190405331486174 -122.0 8.752923941006559
11.20763571848427 -123.0 8.695209765576712
11.224042198684701 -124.0 8.637791715603306
11.239634285816697 -125.0 8.580669933735873
11.254421346227387 -126.0 8.523844447289102
11.26841259979583 -127.0 8.467315173441198
11.281617120937858 -128.0 8.411081924256937
11.294043839694536 -129.0 8.35514441153969
11.30570154289738 -130.0 8.299502251516522
11.316598875403841 -131.0 8.244154969360627
11.326744341396948 -132.0 8.189102003555226
11.336146305743261 -133.0 8.13434271010316
11.344812995403688 -134.0 8.079876366586285
11.352752500891986 -135.0 8.025702176078783
11.359972777776001 -136.0 7.971819270918539
11.366481648217105 -137.0 7.9182267163405164
11.372286802543465 -138.0 7.8649235139761995
11.377395800853018 -139.0 7.811908605222995
11.381816074642384 -140.0 7.759180874487475
11.385554928458028 -141.0 7.706739152306254
11.388619541566323 -142.00000000000003 7.6545822183482795
11.39101696963934 -143.00000000000003 7.602708804302158
11.392754146453347 -144.00000000000003 7.55111759665217
11.393837885597272 -145.0 7.499807239346442
11.394274882188478 -146.0 7.44877633636081
11.394071714593473 -147.0 7.398023454161654
11.393234846151222 -148.0 7.3475471240711006
11.391770626896982 -149.0 7.297345844537735
11.389685295284679 -150.0 7.247418083316012
11.386984979906018 -151.0 7.197762279557427
11.383675701204584 -152.0 7.148376845816418
11.379763373183415 -153.0 7.099260169973921
11.375253805104556 -154.0 7.050410617081413
11.37015270317926 -155.0 7.001826531128168
11.364465672247634 -156.0 6.953506236734465
11.358198217446537 -157.0 6.905448040773264
11.351355745864721 -158.0 6.857650233922985
11.343943568184297 -159.0 6.810111092153718
11.335966900307568 -160.0 6.762828878149382
11.327430864968532 -161.0 6.715801842668026
11.318340493328297 -162.0 6.669028225842574
11.308700726553754 -163.0 6.622506258424189
11.29851641737896 -164.0 6.576234162970333
11.287792331648681 -165.0 6.530210154979562
11.276533149843685 -166.0 6.484432443975063
11.264743468587312 -167.0 6.43889923453881
11.252427802133028 -168.0 6.393608727298195
11.239590583832642 -169.0 6.3485591198669304
11.2262361675849 -170.0 6.303748607741954
11.212368829264278 -171.0 6.259175385157995
11.197992768129756 -172.0 6.214837645901434
11.183112108213463 -173.00000000000003 6.170733584084993
11.16773089968907 -174.00000000000003 6.126861394884817
11.151853120219855 -175.00000000000003 6.0832192752413325
11.135482676286383 -176.0 6.039805424525352
11.118623404493807 -177.0 5.996618045170756
11.10127907285878 -178.0 5.953655343275066
11.08345338207599 -179.0 5.910915529169172
11.065149966764425 -180.0 5.868396817957459
11.04637239669336 -181.0 5.826097430029468
11.027124177988238 -182.0 5.784015591544271
11.007408754316488 -183.0 5.742149534888631
10.987229508053453 -184.0 5.7004974991100115
10.966589761428516 -185.0 5.6590577303254515
10.945492777651634 -186.0 5.61782848210729
10.923941762020387 -187.0 5.576808015846691
10.901939863007755 -188.0 5.535994601095857
10.879490173330783 -189.0 5.495386515889845
10.856595731000356 -190.0 5.4549820470488095
10.833259520352254 -191.0 5.414779490461478
10.809484473059703 -192.0 5.374777151350664
10.785273469127672 -193.0 5.334973344521574
10.760629337869084 -194.0 5.295366394593593
10.735554858863193 -195.0 5.255954636216324
10.710052762896382 -196.0 5.216736414270476
10.68412573288556 -197.0 5.1777100840543
10.657776404784457 -198.0 5.138874011456175
10.631007368472998 -199.0 5.100226573113963
10.603821168630057 -200.0 5.0617661565616645
10.576220305589787 -201.0 5.023491160363999
10.548207236181794 -202.0 4.98539999423938
10.519784374555412 -203.0 4.947491079171827
10.490954092988288 -204.00000000000003 4.9097628475123205
10.46171872267958 -205.00000000000003 4.872213743070035
10.432080554527957 -206.00000000000003 4.834842221193949
10.402041839894693 -207.00000000000003 4.797646748845233
10.371604791352059 -208.00000000000003 4.760625804660871
10.340771583417329 -209.0 4.7237778790088845
10.30954435327253 -210.0 4.687101474035578
10.27792520147031 -211.0 4.6505951037051645
10.245916192626066 -212.0 4.614257293832129
10.213519356096594 -213.0 4.578086582106678
10.180736686645558 -214.0 4.54208151811361
10.14757014509591 -215.0 4.506240663344907
10.114021658969593 -216.0 4.470562591206385
10.080093123114683 -217.0 4.435045887018652
10.04578640032025 -218.0 4.3996891480127
10.011103321919132 -219.0 4.364490983320361
9.976045688378864 -220.0 4.32945001395991
9.940615269880972 -221.0 4.2945648728170625
9.904813806888848 -222.0 4.259834204621593
9.868643010704425 -223.0 4.225256665919797
9.83210456401389 -224.0 4.1908309250430555
9.795200121422573 -225.0 4.15655566207265
9.757931309979305 -226.0 4.122429568801089
9.720299729690389 -227.0 4.088451348690102
9.682306954023403 -228.0 4.054619716825492
9.643954530401032 -229.0 4.020933399869041
9.605243980685128 -230.0 3.987391136007618
9.566176801651176 -231.0 3.953991674899661
9.52675446545338 -232.0 3.9207337776191946
9.486978420080494 -233.0 3.8876162165975208
9.446850089802673 -234.0 3.8546377755627295
9.406370875609445 -235.00000000000003 3.8217972494771857
9.365542155639 -236.00000000000003 3.7890934444730715
9.324365285598983 -237.00000000000003 3.756525177786189
9.282841599178974 -238.00000000000003 3.7240912776880637
9.240972408454756 -239.00000000000003 3.6917905834165157
9.198759004284623 -240.0 3.659621945104785
9.156202656697818 -241.0 3.6275842237093268
9.113304615275299 -242.0 3.595676290936373
9.070066109522969 -243.0 3.563897029167353
9.026488349237543 -244.0 3.5322453313832716
8.982572524865162 -245.0 3.5007201010881297
8.93831980785296 -246.0 3.469320252231468
8.893731350993653 -247.0 3.4380447091301187
8.84880828876337 -248.0 3.406892406389243
8.803551737652802 -249.0 3.3758622888227148
8.757962796491842 -250.0 3.3449533113729397
8.71204254676783 -251.0 3.3141644390301614
8.66579205293754 -252.0 3.283494646751319
8.619212362733043 -253.0 3.2529429193785284
8.57230450746155 -254.0 3.2225082515572234
8.525069502299402 -255.0 3.1921896476540432
8.477508346580263 -256.0 3.1619861216744782
8.429622024077696 -257.0 3.1318966971803617
8.381411503282207 -258.0 3.101920407207235
8.332877737672868 -259.0 3.0720562941816207
8.284021665983639 -260.0 3.0423034098382837
8.234844212464504 -261.0 3.0126608151374796
8.185346287137516 -262.0 2.9831275801822503
8.13552878604786 -263.0 2.95370278413581
8.085392591510015 -264.0 2.9243855151390252
8.034938572349192 -265.0 2.8951748702280695
7.984167584138023 -266.0 2.866069955252236
7.933080469428724 -267.0 2.8370698847919713
7.881678057980708 -268.0 2.808173782077136
7.829961166983869 -269.0 2.779380778905543
7.777930601277489 -270.0 2.7506900155617657
7.725587153564972 -271.0 2.7221006407362776
7.672931604624432 -272.0 2.693611811444911
7.619964723515218 -273.0 2.66522269294868
7.5666872677805035 -274.0 2.6369324586739737
7.513099983645965 -275.0 2.608740290133148
7.459203606214663 -276.0 2.58064537684552
7.40499885965821 -277.0 2.552646916258802
7.350486457404282 -278.0 2.5247441136709705
7.29566710232054 -279.0 2.4969361821525915
7.240541486895078 -280.0 2.4692223424696245
7.18511029341341 -281.0 2.4416018230067005
7.129374194132122 -282.0 2.4140738596909026
7.073333851449224 -283.00000000000006 2.3866376959160482
7.01698991807127 -284.00000000000006 2.35929258246749
6.960343037177331 -285.00000000000006 2.3320377774474395
6.903393842579871 -286.00000000000006 2.3048725462008255
6.846142958882582 -287.00000000000006 2.277796161241696
6.788591001635265 -288.00000000000006 2.2508079021801697
6.730738577485791 -289.0 2.223907055649936
6.672586284329214 -290.0 2.1970929152363246
6.614134711454105 -291.0 2.170364781404943
6.555384439686123 -292.0 2.1437219614308782
6.496336041528935 -293.0 2.1171637693284784
6.436990081302488 -294.0 2.090689525781722
6.377347115278723 -295.0 2.064298558075154
6.317407691814763 -296.0 2.0379902000254275
6.257172351483628 -297.0 2.0117637919134186
6.196641627202535 -298.0 1.9856186804169447
6.135816044358823 -299.0 1.9595542185440658
6.0746961209335595 -300.0 1.9335697655669861
6.013282367622861 -301.0 1.907664686956548
5.951575287956986 -302.0 1.8818383543173225
5.8895753784172555 -303.0 1.8560901453232959
5.8272831285508 -304.0 1.8304194436541545
5.7646990210832465 -305.0 1.804825638932158
5.701823532029295 -306.0 1.7793081266596165
5.638657130801348 -307.0 1.7538663081569585
5.575200280316082 -308.0 1.728499590501389
5.51145343709916 -309.0 1.7032073864661477
5.447417051387984 -310.0 1.677989114460348
5.383091567232625 -311.0 1.652844198469412
5.318477422594903 -312.0 1.6277720679960896
5.253575049445701 -313.0 1.6027721580020606
5.188384873860511 -314.0 1.577843908850125
5.122907316113261 -315.0 1.5529867662469667
5.057142790768474 -316.0 1.528200181186498
4.991091706771752 -317.0 1.5034836098937767
4.924754467538667 -318.0 1.4788365137695
4.858131471042039 -319.0 1.4542583593350598
4.791223109897682 -320.0 1.4297486181781676
4.744517520995497 -321.0 1.4114012515818612
4.601904073906071 -322.0 1.364726673939376
4.363311379807958 -323.0 1.2899665898149733
4.028669302653772 -324.0 1.1873599495751117
3.5979089222069205 -325.0 1.057143030766527
3.070962493476803 -326.0 0.899549533742572
2.447763402990981 -327.0 0.7148106903053979
1.728246122379305 -328.0 0.5031553840302052
0.9123461578019926 -329.0 0.2648102874602827
0.09605901895601744 -330.0 0.0277968501310397
