-7.5 -0.0 -1.0
-7.5 -1.0 -1.0
-7.5 -2.0 -1.0
-7.5 -3.0 -1.0
-7.5 -4.0 -1.0
-7.5 -5.0 -1.0
-7.5 -6.0 -1.0
-7.5 -7.0 -1.0
-7.5 -8.0 -1.0
-7.5 -9.000000000000002 -1.0
-7.5 -10.0 -1.0
-7.5 -11.0 -1.0
-7.5 -12.0 -1.0
-7.5 -13.000000000000002 -1.0
-7.5 -14.0 -1.0
-7.5 -15.0 -1.0
-7.5 -16.0 -1.0
-7.5 -17.0 -1.0
-7.5 -18.000000000000004 -1.0
-7.5 -19.0 -1.0
-7.5 -20.0 -1.0
-7.5 -21.0 -1.2488418415854206
-7.5 -22.0 -1.5334669984889902
-7.5 -23.0 -1.852767956726536
-7.5 -24.0 -2.205637201613358
-7.5 -25.0 -2.5909672267609567
-7.5 -26.000000000000004 -3.0076505423898747
-7.5 -27.0 -3.4545796829758237
-7.5 -28.0 -3.9306472142462203
-7.529588149738568 -29.0 -4.4347457395441285
-7.631034328261056 -30.0 -4.9657679055765955
-7.683819836660589 -31.0 -5.522606407564252
-7.683084537312016 -32.0 -6.104153993809068
-7.623019735702197 -33.0 -6.7093034696970575
-7.5 -34.0 -7.336947701152778
-7.5 -35.0 -7.985979617562366
-7.5 -36.00000000000001 -8.655292214181953
-7.5 -37.0 -9.343778554048141
-7.5 -38.0 -10.05033176940746
-7.5 -39.0 -10.773845062681499
-7.5 -40.0 -11.51321170698457
-7.5 -41.0 -11.690410537656026
-7.5 -42.0 -11.858106585804055
-7.5 -43.0 -12.016379568766649
-7.5 -44.0 -12.165312981885315
-7.5 -45.0 -12.304993870625173
-7.5 -46.0 -12.435512604152363
-7.5 -47.0 -12.556962651022882
-7.5 -48.0 -12.669440357593302
-7.5 -49.0 -12.773044729719112
-7.5 -50.0 -12.867877218261194
-7.5 -51.00000000000001 -12.954041508874973
-7.5 -52.00000000000001 -13.03164331651173
-7.5 -53.0 -13.100790185015986
-7.5 -54.0 -13.161591292158883
-7.5 -55.0 -13.214157260403807
-7.5 -56.0 -13.258599973373292
-7.5 -57.0 -13.295032400220592
-7.5 -58.0 -13.323568422098585
-7.637535845877016 -59.00000000000001 -13.344322670885745
-7.775243336549737 -60.0 -13.357410370196463
-7.908382445591604 -61.0 -13.36294718480422
-8.03679051012226 -62.0 -13.361049077501828
-8.160309926784018 -63.0 -13.35183216769198
-8.278788064850493 -64.0 -13.335412606690106
-8.392077190439293 -65.0 -13.311906449843928
-8.500034379890405 -66.0 -13.28142953978409
-8.602521430739435 -67.0 -13.244097395629813
-8.699404769762678 -68.0 -13.200025108655744
-8.790555358921662 -69.0 -13.149327243997252
-8.875848599082627 -70.0 -13.092117748606448
-8.952248072158804 -71.00000000000001 -13.024603245851976
-9.027179163163648 -72.00000000000001 -12.957021383109758
-9.100653734272525 -73.0 -12.889390270299671
-9.172683923452729 -74.0 -12.821727396638439
-9.243282119002895 -75.0 -12.754049639768683
-9.312460935096974 -76.0 -12.686373275413242
-9.380233188324725 -77.0 -12.618713987497772
-9.446611875218276 -78.0 -12.551086878687435
-9.511610150751803 -79.0 -12.483506481286117
-9.57524130779952 -80.0 -12.415986768449311
-9.63751875753517 -81.0 -12.348541165664543
-9.698456010754738 -82.0 -12.281182562455733
-9.758066660102555 -83.0 -12.21392332427059
-9.816364363179996 -84.0 -12.1467753045125
-9.873362826514661 -85.0 -12.079749856681035
-9.929075790367333 -86.0 -12.012857846587382
-9.983517014353183 -87.00000000000001 -11.94610966461352
-10.036700263853172 -88.0 -11.879515237986002
-10.08863929719126 -89.0 -11.813084043037547
-10.139347853552595 -90.0 -11.746825117431584
-10.188839641617907 -91.0 -11.680747072326941
-10.237128328889051 -92.0 -11.614858104461748
-10.28422753168086 -93.0 -11.549166008137439
-10.330150805754366 -94.0 -11.483678187085504
-10.374911637566932 -95.0 -11.418401666201165
-10.418523436114846 -96.0 -11.353343103129813
-10.460999525344077 -97.0 -11.288508799693762
-10.502353137106388 -98.0 -11.223904713147107
-10.542597404636293 -99.0 -11.159536467249923
-10.58174535652714 -100.0 -11.09540936315196
-10.619809911183491 -101.0 -11.031528390078648
-10.656803871728213 -102.00000000000001 -10.967898235812731
-10.692739921343048 -103.00000000000001 -10.90452329696597
-10.72763061902196 -104.00000000000001 -10.841407689036284
-10.761488395717276 -105.0 -10.778555256246568
-10.794325550859126 -106.0 -10.715969581162232
-10.82615424922934 -107.0 -10.653653994085268
-10.85698651817155 -108.0 -10.591611582223354
-10.88683424511988 -109.0 -10.529845198633081
-10.915709175429225 -110.0 -10.468357470937093
-10.943622910490667 -111.0 -10.407150809815306
-10.970586906116331 -112.0 -10.34622741727104
-10.996612471178357 -113.0 -10.285589294673203
-11.021710766487528 -114.0 -10.22523825057613
-11.045892803897416 -115.0 -10.165175908319068
-11.06916944562072 -116.0 -10.105403713407586
-11.0915514037448 -117.0 -10.045922940679505
-11.113049240308579 -118.00000000000001 -9.986734700795218
-11.133673365460309 -119.00000000000001 -9.927839949106655
-11.153434040448499 -120.0 -9.869239488556197
-11.172341375763498 -121.0 -9.810933978530768
-11.190405331486174 -122.0 -9.752923941006557
-11.20763571848427 -123.0 -9.695209765576713
-11.224042198684701 -124.0 -9.637791715603306
-11.239634285816697 -125.0 -9.580669933735873
-11.254421346227387 -126.0 -9.523844447289102
-11.26841259979583 -127.0 -9.4673151734412
-11.281617120937858 -128.0 -9.411081924256937
-11.294043839694536 -129.0 -9.35514441153969
-11.30570154289738 -130.0 -9.29950225151652
-11.316598875403841 -131.0 -9.244154969360627
-11.326744341396948 -132.0 -9.189102003555227
-11.336146305743261 -133.0 -9.13434271010316
-11.344812995403688 -134.0 -9.079876366586285
-11.352752500891986 -135.0 -9.025702176078784
-11.359972777776001 -136.0 -8.97181927091854
-11.366481648217105 -137.0 -8.918226716340516
-11.372286802543465 -138.0 -8.8649235139762
-11.377395800853018 -139.0 -8.811908605222996
-11.381816074642384 -140.0 -8.759180874487473
-11.385554928458028 -141.0 -8.706739152306252
-11.388619541566323 -142.00000000000003 -8.65458221834828
-11.39101696963934 -143.00000000000003 -8.602708804302159
-11.392754146453347 -144.00000000000003 -8.551117596652169
-11.393837885597272 -145.0 -8.499807239346442
-11.394274882188478 -146.0 -8.448776336360808
-11.394071714593473 -147.0 -8.398023454161654
-11.393234846151222 -148.0 -8.3475471240711
-11.391770626896982 -149.0 -8.297345844537736
-11.389685295284679 -150.0 -8.247418083316012
-11.386984979906018 -151.0 -8.197762279557427
-11.383675701204584 -152.0 -8.148376845816417
-11.379763373183415 -153.0 -8.09926016997392
-11.375253805104556 -154.0 -8.050410617081413
-11.37015270317926 -155.0 -8.001826531128168
-11.364465672247634 -156.0 -7.953506236734464
-11.358198217446537 -157.0 -7.905448040773264
-11.351355745864721 -158.0 -7.857650233922985
-11.343943568184297 -159.0 -7.810111092153718
-11.335966900307568 -160.0 -7.762828878149382
-11.327430864968532 -161.0 -7.715801842668026
-11.318340493328297 -162.0 -7.669028225842574
-11.308700726553754 -163.0 -7.622506258424189
-11.29851641737896 -164.0 -7.576234162970333
-11.287792331648681 -165.0 -7.530210154979562
-11.276533149843685 -166.0 -7.484432443975064
-11.264743468587312 -167.0 -7.43889923453881
-11.252427802133028 -168.0 -7.393608727298195
-11.239590583832642 -169.0 -7.3485591198669304
-11.2262361675849 -170.0 -7.303748607741954
-11.212368829264278 -171.0 -7.259175385157995
-11.197992768129756 -172.0 -7.214837645901434
-11.183112108213463 -173.00000000000003 -7.170733584084993
-11.16773089968907 -174.00000000000003 -7.126861394884817
-11.151853120219855 -175.00000000000003 -7.0832192752413325
-11.135482676286383 -176.0 -7.039805424525352
-11.118623404493807 -177.0 -6.996618045170756
-11.10127907285878 -178.0 -6.953655343275066
-11.08345338207599 -179.0 -6.910915529169172
-11.065149966764425 -180.0 -6.86839681795746
-11.04637239669336 -181.0 -6.826097430029468
-11.027124177988238 -182.0 -6.784015591544271
-11.007408754316488 -183.0 -6.742149534888631
-10.987229508053453 -184.0 -6.7004974991100115
-10.966589761428516 -185.0 -6.6590577303254515
-10.945492777651634 -186.0 -6.61782848210729
-10.923941762020387 -187.0 -6.576808015846691
-10.901939863007755 -188.0 -6.535994601095857
-10.879490173330783 -189.0 -6.495386515889845
-10.856595731000356 -190.0 -6.4549820470488095
-10.833259520352254 -191.0 -6.414779490461478
-10.809484473059703 -192.0 -6.374777151350664
-10.785273469127672 -193.0 -6.334973344521574
-10.760629337869084 -194.0 -6.295366394593593
-10.735554858863193 -195.0 -6.255954636216324
-10.710052762896382 -196.0 -6.216736414270476
-10.68412573288556 -197.0 -6.1777100840543
-10.657776404784457 -198.0 -6.138874011456175
-10.631007368472998 -199.0 -6.100226573113963
-10.603821168630057 -200.0 -6.0617661565616645
-10.576220305589787 -201.0 -6.023491160363999
-10.548207236181794 -202.0 -5.98539999423938
-10.519784374555412 -203.0 -5.947491079171827
-10.490954092988288 -204.00000000000003 -5.9097628475123205
-10.46171872267958 -205.00000000000003 -5.872213743070035
-10.432080554527957 -206.00000000000003 -5.834842221193949
-10.402041839894693 -207.00000000000003 -5.797646748845233
-10.371604791352059 -208.00000000000003 -5.760625804660871
-10.340771583417329 -209.0 -5.7237778790088845
-10.30954435327253 -210.0 -5.687101474035578
-10.27792520147031 -211.0 -5.6505951037051645
-10.245916192626066 -212.0 -5.614257293832129
-10.213519356096594 -213.0 -5.578086582106678
-10.180736686645558 -214.0 -5.54208151811361
-10.14757014509591 -215.0 -5.506240663344907
-10.114021658969593 -216.0 -5.470562591206385
-10.080093123114683 -217.0 -5.435045887018653
-10.04578640032025 -218.0 -5.3996891480127
-10.011103321919132 -219.0 -5.364490983320361
-9.976045688378864 -220.0 -5.32945001395991
-9.940615269880972 -221.0 -5.2945648728170625
-9.904813806888848 -222.0 -5.259834204621593
-9.868643010704425 -223.0 -5.225256665919797
-9.83210456401389 -224.0 -5.1908309250430555
-9.795200121422573 -225.0 -5.15655566207265
-9.757931309979305 -226.0 -5.122429568801089
-9.720299729690389 -227.0 -5.088451348690102
-9.682306954023403 -228.0 -5.054619716825492
-9.643954530401032 -229.0 -5.020933399869041
-9.605243980685128 -230.0 -4.987391136007618
-9.566176801651176 -231.0 -4.953991674899661
-9.52675446545338 -232.0 -4.920733777619195
-9.486978420080494 -233.0 -4.88761621659752
-9.446850089802673 -234.0 -4.85463777556273
-9.406370875609445 -235.00000000000003 -4.821797249477186
-9.365542155639 -236.00000000000003 -4.789093444473072
-9.324365285598983 -237.00000000000003 -4.756525177786189
-9.282841599178974 -238.00000000000003 -4.724091277688063
-9.240972408454756 -239.00000000000003 -4.691790583416516
-9.198759004284623 -240.0 -4.659621945104785
-9.156202656697818 -241.0 -4.627584223709327
-9.113304615275299 -242.0 -4.595676290936373
-9.070066109522969 -243.0 -4.563897029167354
-9.026488349237543 -244.0 -4.5322453313832725
-8.982572524865162 -245.0 -4.50072010108813
-8.93831980785296 -246.0 -4.469320252231468
-8.893731350993653 -247.0 -4.438044709130119
-8.84880828876337 -248.0 -4.406892406389243
-8.803551737652802 -249.0 -4.375862288822715
-8.757962796491842 -250.0 -4.34495331137294
-8.71204254676783 -251.0 -4.3141644390301614
-8.66579205293754 -252.0 -4.283494646751318
-8.619212362733043 -253.0 -4.252942919378529
-8.57230450746155 -254.0 -4.222508251557223
-8.525069502299402 -255.0 -4.192189647654043
-8.477508346580263 -256.0 -4.161986121674478
-8.429622024077696 -257.0 -4.131896697180362
-8.381411503282207 -258.0 -4.101920407207235
-8.332877737672868 -259.0 -4.072056294181621
-8.284021665983639 -260.0 -4.042303409838284
-8.234844212464504 -261.0 -4.01266081513748
-8.185346287137516 -262.0 -3.9831275801822508
-8.13552878604786 -263.0 -3.95370278413581
-8.085392591510015 -264.0 -3.9243855151390252
-8.034938572349192 -265.0 -3.8951748702280695
-7.984167584138023 -266.0 -3.866069955252236
-7.933080469428724 -267.0 -3.8370698847919713
-7.881678057980708 -268.0 -3.808173782077136
-7.829961166983869 -269.0 -3.779380778905543
-7.777930601277489 -270.0 -3.7506900155617657
-7.725587153564972 -271.0 -3.7221006407362776
-7.672931604624432 -272.0 -3.693611811444911
-7.619964723515218 -273.0 -3.66522269294868
-7.5666872677805035 -274.0 -3.6369324586739737
-7.513099983645965 -275.0 -3.6087402901331482
-7.459203606214663 -276.0 -3.5806453768455206
-7.40499885965821 -277.0 -3.552646916258802
-7.350486457404282 -278.0 -3.5247441136709705
-7.29566710232054 -279.0 -3.4969361821525915
-7.240541486895078 -280.0 -3.4692223424696245
-7.18511029341341 -281.0 -3.4416018230067005
-7.129374194132122 -282.0 -3.4140738596909026
-7.073333851449224 -283.00000000000006 -3.3866376959160482
-7.01698991807127 -284.00000000000006 -3.35929258246749
-6.960343037177331 -285.00000000000006 -3.3320377774474395
-6.903393842579871 -286.00000000000006 -3.3048725462008255
-6.846142958882582 -287.00000000000006 -3.277796161241696
-6.788591001635265 -288.00000000000006 -3.2508079021801697
-6.730738577485791 -289.0 -3.223907055649936
-6.672586284329214 -290.0 -3.1970929152363246
-6.614134711454105 -291.0 -3.170364781404943
-6.555384439686123 -292.0 -3.1437219614308782
-6.496336041528935 -293.0 -3.1171637693284784
-6.436990081302488 -294.0 -3.090689525781722
-6.377347115278723 -295.0 -3.064298558075154
-6.317407691814763 -296.0 -3.0379902000254275
-6.257172351483628 -297.0 -3.0117637919134186
-6.196641627202535 -298.0 -2.9856186804169447
-6.135816044358823 -299.0 -2.9595542185440658
-6.0746961209335595 -300.0 -2.933569765566986
-6.013282367622861 -301.0 -2.907664686956548
-5.951575287956986 -302.0 -2.8818383543173223
-5.8895753784172555 -303.0 -2.856090145323296
-5.8272831285508 -304.0 -2.8304194436541543
-5.7646990210832465 -305.0 -2.804825638932158
-5.701823532029295 -306.0 -2.7793081266596165
-5.638657130801348 -307.0 -2.7538663081569585
-5.575200280316082 -308.0 -2.728499590501389
-5.51145343709916 -309.0 -2.703207386466148
-5.447417051387984 -310.0 -2.677989114460348
-5.383091567232625 -311.0 -2.652844198469412
-5.318477422594903 -312.0 -2.62777206799609
-5.253575049445701 -313.0 -2.6027721580020606
-5.188384873860511 -314.0 -2.577843908850125
-5.122907316113261 -315.0 -2.552986766246967
-5.057142790768474 -316.0 -2.5282001811864983
-4.991091706771752 -317.0 -2.503483609893777
-4.924754467538667 -318.0 -2.4788365137695
-4.858131471042039 -319.0 -2.4542583593350598
-4.791223109897682 -320.0 -2.4297486181781673
-4.744517520995497 -321.0 -2.4114012515818612
-4.601904073906071 -322.0 -2.364726673939376
-4.363311379807958 -323.0 -2.289966589814973
-4.028669302653772 -324.0 -2.187359949575112
-3.5979089222069205 -325.0 -2.0571430307665275
-3.070962493476803 -326.0 -1.899549533742572
-2.447763402990981 -327.0 -1.714810690305398
-1.728246122379305 -328.0 -1.5031553840302052
-0.9123461578019926 -329.0 -1.2648102874602827
-0.09605901895601744 -330.0 -1.0277968501310397
-0.09605901895601744 -331.0 -1.0277968501310397
-0.09605901895601744 -332.0 -1.0277968501310397
-0.09605901895601744 -333.0 -1.0277968501310397
-0.09605901895601744 -334.0 -1.0277968501310397
-0.09605901895601744 -335.0 -1.0277968501310397
-0.09605901895601744 -336.0 -1.0277968501310397
-0.09605901895601744 -337.0 -1.0277968501310397
-0.09605901895601744 -338.0 -1.0277968501310397
-0.09605901895601744 -339.0 -1.0277968501310397
-0.09605901895601744 -340.0 -1.0277968501310397
-0.09605901895601744 -341.0 -1.0277968501310397
-0.09605901895601744 -342.0 -1.0277968501310397
-0.09605901895601744 -343.0 -1.0277968501310397
-0.09605901895601744 -344.0 -1.0277968501310397
-0.09605901895601744 -345.00000000000006 -1.0277968501310397
-0.09605901895601744 -346.00000000000006 -1.0277968501310397
-0.09605901895601744 -347.00000000000006 -1.0277968501310397
-0.09605901895601744 -348.00000000000006 -1.0277968501310397
-0.09605901895601744 -349.00000000000006 -1.0277968501310397
-0.09605901895601744 -350.00000000000006 -1.0277968501310397
-0.09605901895601744 -351.00000000000006 -1.0277968501310397
-0.09605901895601744 -352.0 -1.0277968501310397
-0.09605901895601744 -353.0 -1.0277968501310397
-0.09605901895601744 -354.0 -1.0277968501310397
-0.09605901895601744 -355.0 -1.0277968501310397
-0.09605901895601744 -356.0 -1.0277968501310397
-0.09605901895601744 -357.0 -1.0277968501310397
-0.09605901895601744 -358.0 -1.0277968501310397
-0.09605901895601744 -359.0 -1.0277968501310397
-0.09605901895601744 -360.0 -1.0277968501310397
-0.09605901895601744 -361.0 -1.0277968501310397
-0.09605901895601744 -362.0 -1.0277968501310397
-0.09605901895601744 -363.0 -1.0277968501310397
-0.09605901895601744 -364.0 -1.0277968501310397
-0.09605901895601744 -365.0 -1.0277968501310397
-0.09605901895601744 -366.0 -1.0277968501310397
-0.09605901895601744 -367.0 -1.0277968501310397
-0.09605901895601744 -368.0 -1.0277968501310397
-0.09605901895601744 -369.0 -1.0277968501310397
-0.09605901895601744 -370.0 -1.0277968501310397
-0.09605901895601744 -371.0 -1.0277968501310397
-0.09605901895601744 -372.0 -1.0277968501310397
-0.09605901895601744 -373.0 -1.0277968501310397
-0.09605901895601744 -374.0 -1.0277968501310397
-0.09605901895601744 -375.0 -1.0277968501310397
-0.09605901895601744 -376.0 -1.0277968501310397
-0.09605901895601744 -377.0 -1.0277968501310397
-0.09605901895601744 -378.0 -1.0277968501310397
-0.09605901895601744 -379.0 -1.0277968501310397
-0.09605901895601744 -380.0 -1.0277968501310397
